nxt[136][136] = {{0, 2, 2, 2, 2, 2, 2, 2, 2, 2, 2, 2, 2, 2, 2, 2, 2, 2, 19, 2, 2, 19, 2, 2, 2, 2, 2, 2, 2, 2, 2, 2, 2, 2, 2, 2, 2, 19, 2, 2, 2, 19, 2, 2, 2, 2, 2, 2, 2, 2, 2, 2, 2, 2, 2, 19, 2, 2, 2, 2, 2, 19, 2, 2, 2, 2, 2, 2, 2, 2, 2, 2, 2, 2, 2, 19, 2, 2, 2, 2, 2, 19, 2, 2, 2, 2, 2, 2, 2, 2, 2, 2, 2, 2, 2, 19, 2, 2, 2, 19, 2, 2, 2, 2, 2, 2, 2, 2, 2, 2, 2, 2, 2, 2, 2, 19, 2, 19, 19, 19, 19, 19, 19, 19, 19, 19, 19, 19, 19, 19, 19, 19, 19, 19, 2, }; 
{1, 0, 3, 3, 3, 3, 3, 3, 3, 3, 3, 3, 3, 3, 3, 3, 3, 3, 1, 3, 3, 1, 3, 3, 3, 3, 3, 3, 3, 3, 3, 3, 3, 3, 3, 3, 3, 1, 3, 3, 3, 1, 3, 3, 3, 3, 3, 3, 3, 3, 3, 3, 3, 3, 3, 1, 3, 3, 3, 3, 3, 1, 3, 3, 3, 3, 3, 3, 3, 3, 3, 3, 3, 3, 3, 1, 3, 3, 3, 3, 3, 1, 3, 3, 3, 3, 3, 3, 3, 3, 3, 3, 3, 3, 3, 1, 3, 3, 3, 1, 3, 3, 3, 3, 3, 3, 3, 3, 3, 3, 3, 3, 3, 3, 3, 1, 3, 1, 1, 1, 1, 1, 1, 1, 1, 1, 1, 1, 1, 1, 1, 1, 1, 1, 3, }; 
{2, 2, 0, 4, 4, 4, 4, 4, 4, 4, 4, 4, 4, 4, 4, 4, 4, 4, 2, 4, 4, 2, 4, 4, 4, 4, 4, 4, 4, 4, 4, 4, 4, 4, 4, 4, 4, 2, 4, 4, 4, 2, 4, 4, 4, 4, 4, 4, 4, 4, 4, 4, 4, 4, 4, 2, 4, 4, 4, 4, 4, 2, 4, 4, 4, 4, 4, 4, 4, 4, 4, 4, 4, 4, 4, 2, 4, 4, 4, 4, 4, 2, 4, 4, 4, 4, 4, 4, 4, 4, 4, 4, 4, 4, 4, 2, 4, 4, 4, 2, 4, 4, 4, 4, 4, 4, 4, 4, 4, 4, 4, 4, 4, 4, 4, 2, 4, 2, 2, 2, 2, 2, 2, 2, 2, 2, 2, 2, 2, 2, 2, 2, 2, 4, 4, }; 
{3, 3, 3, 0, 5, 5, 5, 5, 5, 5, 5, 5, 5, 5, 5, 5, 5, 5, 3, 5, 5, 3, 5, 5, 5, 5, 5, 5, 5, 5, 5, 5, 5, 5, 5, 5, 5, 3, 5, 5, 5, 3, 5, 5, 5, 5, 5, 5, 5, 5, 5, 5, 5, 5, 5, 3, 5, 5, 5, 5, 5, 3, 5, 5, 5, 5, 5, 5, 5, 5, 5, 5, 5, 5, 5, 3, 5, 5, 5, 5, 5, 3, 5, 5, 5, 5, 5, 5, 5, 5, 5, 5, 5, 5, 5, 3, 5, 5, 5, 3, 5, 5, 5, 5, 5, 5, 5, 5, 5, 5, 5, 5, 5, 5, 5, 3, 5, 3, 3, 3, 3, 3, 3, 3, 3, 3, 3, 3, 3, 3, 3, 3, 5, 5, 5, }; 
{4, 4, 4, 4, 0, 6, 6, 6, 6, 6, 6, 6, 6, 6, 6, 6, 6, 6, 4, 6, 6, 4, 6, 6, 6, 6, 6, 6, 6, 6, 6, 6, 6, 6, 6, 6, 6, 4, 6, 6, 6, 4, 6, 6, 6, 6, 6, 6, 6, 6, 6, 6, 6, 6, 6, 4, 6, 6, 6, 6, 6, 4, 6, 6, 6, 6, 6, 6, 6, 6, 6, 6, 6, 6, 6, 4, 6, 6, 6, 6, 6, 4, 6, 6, 6, 6, 6, 6, 6, 6, 6, 6, 6, 6, 6, 4, 6, 6, 6, 4, 6, 6, 6, 6, 6, 6, 6, 6, 6, 6, 6, 6, 6, 6, 6, 4, 6, 4, 4, 4, 4, 4, 4, 4, 4, 4, 4, 4, 4, 4, 4, 6, 6, 6, 6, }; 
{5, 5, 5, 5, 5, 0, 7, 7, 7, 7, 7, 7, 7, 7, 7, 7, 7, 7, 5, 7, 7, 5, 7, 7, 7, 7, 7, 7, 7, 7, 7, 7, 7, 7, 7, 7, 7, 5, 7, 7, 7, 5, 7, 7, 7, 7, 7, 7, 7, 7, 7, 7, 7, 7, 7, 5, 7, 7, 7, 7, 7, 5, 7, 7, 7, 7, 7, 7, 7, 7, 7, 7, 7, 7, 7, 5, 7, 7, 7, 7, 7, 5, 7, 7, 7, 7, 7, 7, 7, 7, 7, 7, 7, 7, 7, 5, 7, 7, 7, 5, 7, 7, 7, 7, 7, 7, 7, 7, 7, 7, 7, 7, 7, 7, 7, 5, 7, 5, 5, 5, 5, 5, 5, 5, 5, 5, 5, 5, 5, 5, 7, 7, 7, 7, 7, }; 
{6, 6, 6, 6, 6, 6, 0, 8, 8, 8, 8, 8, 8, 8, 8, 8, 8, 8, 6, 8, 8, 6, 8, 8, 8, 8, 8, 8, 8, 8, 8, 8, 8, 8, 8, 8, 8, 6, 8, 8, 8, 6, 8, 8, 8, 8, 8, 8, 8, 8, 8, 8, 8, 8, 8, 6, 8, 8, 8, 8, 8, 6, 8, 8, 8, 8, 8, 8, 8, 8, 8, 8, 8, 8, 8, 6, 8, 8, 8, 8, 8, 6, 8, 8, 8, 8, 8, 8, 8, 8, 8, 8, 8, 8, 8, 6, 8, 8, 8, 6, 8, 8, 8, 8, 8, 8, 8, 8, 8, 8, 8, 8, 8, 8, 8, 6, 8, 6, 6, 6, 6, 6, 6, 6, 6, 6, 6, 6, 6, 8, 8, 8, 8, 8, 8, }; 
{7, 7, 7, 7, 7, 7, 7, 0, 9, 9, 9, 9, 9, 9, 9, 9, 9, 9, 7, 9, 9, 7, 9, 9, 9, 9, 9, 9, 9, 9, 9, 9, 9, 9, 9, 9, 9, 7, 9, 9, 9, 7, 9, 9, 9, 9, 9, 9, 9, 9, 9, 9, 9, 9, 9, 7, 9, 9, 9, 9, 9, 7, 9, 9, 9, 9, 9, 9, 9, 9, 9, 9, 9, 9, 9, 7, 9, 9, 9, 9, 9, 7, 9, 9, 9, 9, 9, 9, 9, 9, 9, 9, 9, 9, 9, 7, 9, 9, 9, 7, 9, 9, 9, 9, 9, 9, 9, 9, 9, 9, 9, 9, 9, 9, 9, 7, 9, 7, 7, 7, 7, 7, 7, 7, 7, 7, 7, 7, 9, 9, 9, 9, 9, 9, 9, }; 
{8, 8, 8, 8, 8, 8, 8, 8, 0, 10, 10, 10, 10, 10, 10, 10, 10, 10, 8, 20, 10, 8, 20, 20, 20, 20, 20, 20, 20, 20, 20, 20, 20, 20, 20, 20, 10, 8, 20, 20, 10, 8, 20, 20, 20, 20, 20, 20, 20, 20, 20, 20, 20, 20, 10, 8, 20, 20, 20, 20, 10, 8, 20, 20, 20, 20, 20, 20, 20, 20, 20, 20, 20, 20, 10, 8, 20, 20, 20, 20, 10, 8, 20, 20, 20, 20, 20, 20, 20, 20, 20, 20, 20, 20, 10, 8, 20, 20, 10, 8, 20, 20, 20, 20, 20, 20, 20, 20, 20, 20, 20, 20, 20, 20, 10, 8, 10, 8, 8, 8, 8, 8, 8, 8, 8, 8, 8, 10, 10, 10, 10, 10, 10, 10, 10, }; 
{9, 9, 9, 9, 9, 9, 9, 9, 9, 0, 11, 11, 11, 11, 11, 11, 11, 11, 9, 9, 11, 9, 9, 9, 9, 9, 9, 9, 9, 9, 9, 9, 9, 9, 9, 9, 11, 9, 9, 9, 11, 9, 9, 9, 9, 9, 9, 9, 9, 9, 9, 9, 9, 9, 11, 9, 9, 9, 9, 9, 11, 9, 9, 9, 9, 9, 9, 9, 9, 9, 9, 9, 9, 9, 11, 9, 9, 9, 9, 9, 11, 9, 9, 9, 9, 9, 9, 9, 9, 9, 9, 9, 9, 9, 11, 9, 9, 9, 11, 9, 9, 9, 9, 9, 9, 9, 9, 9, 9, 9, 9, 9, 9, 9, 11, 9, 11, 9, 9, 9, 9, 9, 9, 9, 9, 9, 11, 11, 11, 11, 11, 11, 11, 11, 11, }; 
{10, 10, 10, 10, 10, 10, 10, 10, 10, 10, 0, 12, 12, 12, 12, 12, 12, 12, 10, 10, 12, 10, 10, 10, 10, 10, 10, 10, 10, 10, 10, 10, 10, 10, 10, 10, 12, 10, 10, 10, 12, 10, 10, 10, 10, 10, 10, 10, 10, 10, 10, 10, 10, 10, 12, 10, 10, 10, 10, 10, 12, 10, 10, 10, 10, 10, 10, 10, 10, 10, 10, 10, 10, 10, 12, 10, 10, 10, 10, 10, 12, 10, 10, 10, 10, 10, 10, 10, 10, 10, 10, 10, 10, 10, 12, 10, 10, 10, 12, 10, 10, 10, 10, 10, 10, 10, 10, 10, 10, 10, 10, 10, 10, 10, 12, 10, 12, 10, 10, 10, 10, 10, 10, 10, 10, 12, 12, 12, 12, 12, 12, 12, 12, 12, 12, }; 
{11, 11, 11, 11, 11, 11, 11, 11, 11, 11, 11, 0, 13, 13, 13, 13, 13, 13, 11, 11, 13, 11, 11, 11, 11, 11, 11, 11, 11, 11, 11, 11, 11, 11, 11, 11, 13, 11, 11, 11, 13, 11, 11, 11, 11, 11, 11, 11, 11, 11, 11, 11, 11, 11, 13, 11, 11, 11, 11, 11, 13, 11, 11, 11, 11, 11, 11, 11, 11, 11, 11, 11, 11, 11, 13, 11, 11, 11, 11, 11, 13, 11, 11, 11, 11, 11, 11, 11, 11, 11, 11, 11, 11, 11, 13, 11, 11, 11, 13, 11, 11, 11, 11, 11, 11, 11, 11, 11, 11, 11, 11, 11, 11, 11, 13, 11, 13, 11, 11, 11, 11, 11, 11, 11, 13, 13, 13, 13, 13, 13, 13, 13, 13, 13, 13, }; 
{12, 12, 12, 12, 12, 12, 12, 12, 12, 12, 12, 12, 0, 14, 14, 14, 14, 14, 12, 12, 14, 12, 12, 12, 12, 12, 12, 12, 12, 12, 12, 12, 12, 12, 12, 12, 14, 12, 12, 12, 14, 12, 12, 12, 12, 12, 12, 12, 12, 12, 12, 12, 12, 12, 14, 12, 12, 12, 12, 12, 14, 12, 12, 12, 12, 12, 12, 12, 12, 12, 12, 12, 12, 12, 14, 12, 12, 12, 12, 12, 14, 12, 12, 12, 12, 12, 12, 12, 12, 12, 12, 12, 12, 12, 14, 12, 12, 12, 14, 12, 12, 12, 12, 12, 12, 12, 12, 12, 12, 12, 12, 12, 12, 12, 14, 12, 14, 12, 12, 12, 12, 12, 12, 14, 14, 14, 14, 14, 14, 14, 14, 14, 14, 14, 14, }; 
{13, 13, 13, 13, 13, 13, 13, 13, 13, 13, 13, 13, 13, 0, 15, 15, 15, 15, 13, 13, 15, 13, 13, 13, 13, 13, 13, 13, 13, 13, 13, 13, 13, 13, 13, 13, 15, 13, 13, 13, 15, 13, 13, 13, 13, 13, 13, 13, 13, 13, 13, 13, 13, 13, 15, 13, 13, 13, 13, 13, 15, 13, 13, 13, 13, 13, 13, 13, 13, 13, 13, 13, 13, 13, 15, 13, 13, 13, 13, 13, 15, 13, 13, 13, 13, 13, 13, 13, 13, 13, 13, 13, 13, 13, 15, 13, 13, 13, 15, 13, 13, 13, 13, 13, 13, 13, 13, 13, 13, 13, 13, 13, 13, 13, 15, 13, 15, 13, 13, 13, 13, 13, 15, 15, 15, 15, 15, 15, 15, 15, 15, 15, 15, 15, 15, }; 
{14, 14, 14, 14, 14, 14, 14, 14, 14, 14, 14, 14, 14, 14, 0, 16, 16, 16, 14, 14, 16, 14, 14, 14, 14, 14, 14, 14, 14, 14, 14, 14, 14, 14, 14, 14, 16, 14, 14, 14, 16, 14, 14, 14, 14, 14, 14, 14, 14, 14, 14, 14, 14, 14, 16, 14, 14, 14, 14, 14, 16, 14, 14, 14, 14, 14, 14, 14, 14, 14, 14, 14, 14, 14, 16, 14, 14, 14, 14, 14, 16, 14, 14, 14, 14, 14, 14, 14, 14, 14, 14, 14, 14, 14, 16, 14, 14, 14, 16, 14, 14, 14, 14, 14, 14, 14, 14, 14, 14, 14, 14, 14, 14, 14, 16, 14, 16, 14, 14, 14, 14, 16, 16, 16, 16, 16, 16, 16, 16, 16, 16, 16, 16, 16, 16, }; 
{15, 15, 15, 15, 15, 15, 15, 15, 15, 15, 15, 15, 15, 15, 15, 0, 17, 17, 15, 15, 17, 15, 15, 15, 15, 15, 15, 15, 15, 15, 15, 15, 15, 15, 15, 15, 17, 15, 15, 15, 17, 15, 15, 15, 15, 15, 15, 15, 15, 15, 15, 15, 15, 15, 17, 15, 15, 15, 15, 15, 17, 15, 15, 15, 15, 15, 15, 15, 15, 15, 15, 15, 15, 15, 17, 15, 15, 15, 15, 15, 17, 15, 15, 15, 15, 15, 15, 15, 15, 15, 15, 15, 15, 15, 17, 15, 15, 15, 17, 15, 15, 15, 15, 15, 15, 15, 15, 15, 15, 15, 15, 15, 15, 15, 17, 15, 17, 15, 15, 15, 17, 17, 17, 17, 17, 17, 17, 17, 17, 17, 17, 17, 17, 17, 17, }; 
{16, 16, 16, 16, 16, 16, 16, 16, 16, 16, 16, 16, 16, 16, 16, 16, 0, 18, 16, 16, 18, 16, 16, 16, 16, 16, 16, 16, 16, 16, 16, 16, 16, 16, 16, 16, 18, 16, 16, 16, 18, 16, 16, 16, 16, 16, 16, 16, 16, 16, 16, 16, 16, 16, 18, 16, 16, 16, 16, 16, 18, 16, 16, 16, 16, 16, 16, 16, 16, 16, 16, 16, 16, 16, 18, 16, 16, 16, 16, 16, 18, 16, 16, 16, 16, 16, 16, 16, 16, 16, 16, 16, 16, 16, 18, 16, 16, 16, 18, 16, 16, 16, 16, 16, 16, 16, 16, 16, 16, 16, 16, 16, 16, 16, 18, 16, 18, 16, 16, 18, 18, 18, 18, 18, 18, 18, 18, 18, 18, 18, 18, 18, 18, 18, 18, }; 
{17, 17, 17, 17, 17, 17, 17, 17, 17, 17, 17, 17, 17, 17, 17, 17, 17, 0, 17, 17, 21, 17, 17, 17, 17, 17, 17, 17, 17, 17, 17, 17, 17, 17, 17, 17, 21, 17, 17, 17, 21, 17, 17, 17, 17, 17, 17, 17, 17, 17, 17, 17, 17, 17, 21, 17, 17, 17, 17, 17, 21, 17, 17, 17, 17, 17, 17, 17, 17, 17, 17, 17, 17, 17, 21, 17, 17, 17, 17, 17, 21, 17, 17, 17, 17, 17, 17, 17, 17, 17, 17, 17, 17, 17, 21, 17, 17, 17, 21, 17, 17, 17, 17, 17, 17, 17, 17, 17, 17, 17, 17, 17, 17, 17, 21, 17, 21, 17, 21, 21, 21, 21, 21, 21, 21, 21, 21, 21, 21, 21, 21, 21, 21, 21, 21, }; 
{1, 1, 1, 1, 1, 1, 1, 1, 1, 1, 1, 1, 1, 1, 1, 1, 1, 1, 0, 1, 1, 22, 1, 1, 1, 1, 1, 1, 1, 1, 1, 1, 1, 1, 1, 1, 1, 22, 1, 1, 1, 22, 1, 1, 1, 1, 1, 1, 1, 1, 1, 1, 1, 1, 1, 22, 1, 1, 1, 1, 1, 22, 1, 1, 1, 1, 1, 1, 1, 1, 1, 1, 1, 1, 1, 22, 1, 1, 1, 1, 1, 22, 1, 1, 1, 1, 1, 1, 1, 1, 1, 1, 1, 1, 1, 22, 1, 1, 1, 22, 1, 1, 1, 1, 1, 1, 1, 1, 1, 1, 1, 1, 1, 1, 1, 22, 1, 22, 22, 22, 22, 22, 22, 22, 22, 22, 22, 22, 22, 22, 22, 22, 22, 22, 22, }; 
{9, 9, 9, 9, 9, 9, 9, 9, 9, 9, 9, 9, 9, 9, 9, 9, 9, 9, 9, 0, 9, 9, 29, 29, 29, 29, 29, 29, 29, 29, 29, 29, 29, 29, 29, 29, 9, 9, 29, 29, 9, 9, 29, 29, 29, 29, 29, 29, 29, 29, 29, 29, 29, 29, 9, 9, 29, 29, 29, 29, 9, 9, 29, 29, 29, 29, 29, 29, 29, 29, 29, 29, 29, 29, 9, 9, 29, 29, 29, 29, 9, 9, 29, 29, 29, 29, 29, 29, 29, 29, 29, 29, 29, 29, 9, 9, 29, 29, 9, 9, 29, 29, 29, 29, 29, 29, 29, 29, 29, 29, 29, 29, 29, 29, 9, 9, 9, 9, 9, 9, 9, 9, 9, 9, 9, 9, 9, 9, 9, 9, 9, 9, 9, 9, 9, }; 
{18, 18, 18, 18, 18, 18, 18, 18, 18, 18, 18, 18, 18, 18, 18, 18, 18, 18, 18, 18, 0, 18, 18, 18, 18, 18, 18, 18, 18, 18, 18, 18, 18, 18, 18, 18, 37, 18, 18, 18, 37, 18, 18, 18, 18, 18, 18, 18, 18, 18, 18, 18, 18, 18, 37, 18, 18, 18, 18, 18, 37, 18, 18, 18, 18, 18, 18, 18, 18, 18, 18, 18, 18, 18, 37, 18, 18, 18, 18, 18, 37, 18, 18, 18, 18, 18, 18, 18, 18, 18, 18, 18, 18, 18, 37, 18, 18, 18, 37, 18, 18, 18, 18, 18, 18, 18, 18, 18, 18, 18, 18, 18, 18, 18, 37, 18, 37, 37, 37, 37, 37, 37, 37, 37, 37, 37, 37, 37, 37, 37, 37, 37, 37, 37, 37, }; 
{19, 19, 19, 19, 19, 19, 19, 19, 19, 19, 19, 19, 19, 19, 19, 19, 19, 19, 19, 19, 19, 0, 19, 19, 19, 19, 19, 19, 19, 19, 19, 19, 19, 19, 19, 19, 19, 38, 19, 19, 19, 38, 19, 19, 19, 19, 19, 19, 19, 19, 19, 19, 19, 19, 19, 38, 19, 19, 19, 19, 19, 38, 19, 19, 19, 19, 19, 19, 19, 19, 19, 19, 19, 19, 19, 38, 19, 19, 19, 19, 19, 38, 19, 19, 19, 19, 19, 19, 19, 19, 19, 19, 19, 19, 19, 38, 19, 19, 19, 38, 19, 19, 19, 19, 19, 19, 19, 19, 19, 19, 19, 19, 19, 19, 19, 38, 38, 38, 38, 38, 38, 38, 38, 38, 38, 38, 38, 38, 38, 38, 38, 38, 38, 38, 38, }; 
{24, 24, 24, 24, 24, 24, 24, 24, 24, 24, 24, 24, 24, 24, 24, 24, 24, 24, 24, 24, 24, 24, 0, 24, 24, 24, 24, 24, 24, 24, 24, 24, 24, 24, 24, 24, 24, 24, 39, 24, 24, 24, 39, 39, 39, 39, 39, 39, 39, 39, 39, 39, 39, 24, 24, 24, 39, 39, 39, 24, 24, 24, 39, 39, 39, 39, 39, 39, 39, 39, 39, 39, 39, 24, 24, 24, 39, 39, 39, 24, 24, 24, 39, 39, 39, 39, 39, 39, 39, 39, 39, 39, 39, 24, 24, 24, 39, 24, 24, 24, 39, 39, 39, 39, 39, 39, 39, 39, 39, 39, 39, 39, 39, 24, 24, 24, 24, 24, 24, 24, 24, 24, 24, 24, 24, 24, 24, 24, 24, 24, 24, 24, 24, 24, 24, }; 
{25, 25, 25, 25, 25, 25, 25, 25, 25, 25, 25, 25, 25, 25, 25, 25, 25, 25, 25, 25, 25, 25, 23, 0, 25, 25, 25, 25, 25, 25, 25, 25, 25, 25, 25, 25, 25, 25, 23, 25, 25, 25, 23, 23, 23, 23, 23, 23, 23, 23, 23, 23, 23, 25, 25, 25, 23, 23, 23, 25, 25, 25, 23, 23, 23, 23, 23, 23, 23, 23, 23, 23, 23, 25, 25, 25, 23, 23, 23, 25, 25, 25, 23, 23, 23, 23, 23, 23, 23, 23, 23, 23, 23, 25, 25, 25, 23, 25, 25, 25, 23, 23, 23, 23, 23, 23, 23, 23, 23, 23, 23, 23, 23, 25, 25, 25, 25, 25, 25, 25, 25, 25, 25, 25, 25, 25, 25, 25, 25, 25, 25, 25, 25, 25, 25, }; 
{26, 26, 26, 26, 26, 26, 26, 26, 26, 26, 26, 26, 26, 26, 26, 26, 26, 26, 26, 26, 26, 26, 24, 24, 0, 26, 26, 26, 26, 26, 26, 26, 26, 26, 26, 26, 26, 26, 24, 26, 26, 26, 24, 24, 24, 24, 24, 24, 24, 24, 24, 24, 24, 26, 26, 26, 24, 24, 24, 26, 26, 26, 24, 24, 24, 24, 24, 24, 24, 24, 24, 24, 24, 26, 26, 26, 24, 24, 24, 26, 26, 26, 24, 24, 24, 24, 24, 24, 24, 24, 24, 24, 24, 26, 26, 26, 24, 26, 26, 26, 24, 24, 24, 24, 24, 24, 24, 24, 24, 24, 24, 24, 26, 26, 26, 26, 26, 26, 26, 26, 26, 26, 26, 26, 26, 26, 26, 26, 26, 26, 26, 26, 26, 26, 26, }; 
{27, 27, 27, 27, 27, 27, 27, 27, 27, 27, 27, 27, 27, 27, 27, 27, 27, 27, 27, 27, 27, 27, 25, 25, 25, 0, 27, 27, 27, 27, 27, 27, 27, 27, 27, 27, 27, 27, 25, 27, 27, 27, 25, 25, 25, 25, 25, 25, 25, 25, 25, 25, 25, 27, 27, 27, 25, 25, 25, 27, 27, 27, 25, 25, 25, 25, 25, 25, 25, 25, 25, 25, 25, 27, 27, 27, 25, 25, 25, 27, 27, 27, 25, 25, 25, 25, 25, 25, 25, 25, 25, 25, 25, 27, 27, 27, 25, 27, 27, 27, 25, 25, 25, 25, 25, 25, 25, 25, 25, 25, 25, 27, 27, 27, 27, 27, 27, 27, 27, 27, 27, 27, 27, 27, 27, 27, 27, 27, 27, 27, 27, 27, 27, 27, 27, }; 
{28, 28, 28, 28, 28, 28, 28, 28, 28, 28, 28, 28, 28, 28, 28, 28, 28, 28, 28, 28, 28, 28, 26, 26, 26, 26, 0, 28, 28, 28, 28, 28, 28, 28, 28, 28, 28, 28, 26, 28, 28, 28, 26, 26, 26, 26, 26, 26, 26, 26, 26, 26, 26, 28, 28, 28, 26, 26, 26, 28, 28, 28, 26, 26, 26, 26, 26, 26, 26, 26, 26, 26, 26, 28, 28, 28, 26, 26, 26, 28, 28, 28, 26, 26, 26, 26, 26, 26, 26, 26, 26, 26, 26, 28, 28, 28, 26, 28, 28, 28, 26, 26, 26, 26, 26, 26, 26, 26, 26, 26, 28, 28, 28, 28, 28, 28, 28, 28, 28, 28, 28, 28, 28, 28, 28, 28, 28, 28, 28, 28, 28, 28, 28, 28, 28, }; 
{29, 29, 29, 29, 29, 29, 29, 29, 29, 29, 29, 29, 29, 29, 29, 29, 29, 29, 29, 29, 29, 29, 27, 27, 27, 27, 27, 0, 29, 29, 29, 29, 29, 29, 29, 29, 29, 29, 27, 29, 29, 29, 27, 27, 27, 27, 27, 27, 27, 27, 27, 27, 27, 29, 29, 29, 27, 27, 27, 29, 29, 29, 27, 27, 27, 27, 27, 27, 27, 27, 27, 27, 27, 29, 29, 29, 27, 27, 27, 29, 29, 29, 27, 27, 27, 27, 27, 27, 27, 27, 27, 27, 27, 29, 29, 29, 27, 29, 29, 29, 27, 27, 27, 27, 27, 27, 27, 27, 27, 29, 29, 29, 29, 29, 29, 29, 29, 29, 29, 29, 29, 29, 29, 29, 29, 29, 29, 29, 29, 29, 29, 29, 29, 29, 29, }; 
{20, 20, 20, 20, 20, 20, 20, 20, 20, 20, 20, 20, 20, 20, 20, 20, 20, 20, 20, 20, 20, 20, 28, 28, 28, 28, 28, 28, 0, 30, 30, 30, 30, 30, 30, 30, 20, 20, 28, 30, 20, 20, 28, 28, 28, 28, 28, 28, 28, 28, 28, 28, 28, 30, 20, 20, 28, 28, 28, 30, 20, 20, 28, 28, 28, 28, 28, 28, 28, 28, 28, 28, 28, 30, 20, 20, 28, 28, 28, 30, 20, 20, 28, 28, 28, 28, 28, 28, 28, 28, 28, 28, 28, 30, 20, 20, 28, 30, 20, 20, 28, 28, 28, 28, 28, 28, 28, 28, 30, 30, 30, 30, 30, 30, 20, 20, 20, 20, 20, 20, 20, 20, 20, 20, 20, 20, 20, 20, 20, 20, 20, 20, 20, 20, 20, }; 
{29, 29, 29, 29, 29, 29, 29, 29, 29, 29, 29, 29, 29, 29, 29, 29, 29, 29, 29, 29, 29, 29, 29, 29, 29, 29, 29, 29, 29, 0, 31, 31, 31, 31, 31, 31, 29, 29, 29, 31, 29, 29, 29, 29, 29, 29, 29, 29, 29, 29, 29, 29, 29, 31, 29, 29, 29, 29, 29, 31, 29, 29, 29, 29, 29, 29, 29, 29, 29, 29, 29, 29, 29, 31, 29, 29, 29, 29, 29, 31, 29, 29, 29, 29, 29, 29, 29, 29, 29, 29, 29, 29, 29, 31, 29, 29, 29, 31, 29, 29, 29, 29, 29, 29, 29, 29, 29, 31, 31, 31, 31, 31, 31, 31, 29, 29, 29, 29, 29, 29, 29, 29, 29, 29, 29, 29, 29, 29, 29, 29, 29, 29, 29, 29, 29, }; 
{30, 30, 30, 30, 30, 30, 30, 30, 30, 30, 30, 30, 30, 30, 30, 30, 30, 30, 30, 30, 30, 30, 30, 30, 30, 30, 30, 30, 30, 30, 0, 32, 32, 32, 32, 32, 30, 30, 30, 32, 30, 30, 30, 30, 30, 30, 30, 30, 30, 30, 30, 30, 30, 32, 30, 30, 30, 30, 30, 32, 30, 30, 30, 30, 30, 30, 30, 30, 30, 30, 30, 30, 30, 32, 30, 30, 30, 30, 30, 32, 30, 30, 30, 30, 30, 30, 30, 30, 30, 30, 30, 30, 30, 32, 30, 30, 30, 32, 30, 30, 30, 30, 30, 30, 30, 30, 32, 32, 32, 32, 32, 32, 32, 32, 30, 30, 30, 30, 30, 30, 30, 30, 30, 30, 30, 30, 30, 30, 30, 30, 30, 30, 30, 30, 30, }; 
{31, 31, 31, 31, 31, 31, 31, 31, 31, 31, 31, 31, 31, 31, 31, 31, 31, 31, 31, 31, 31, 31, 31, 31, 31, 31, 31, 31, 31, 31, 31, 0, 33, 33, 33, 33, 31, 31, 31, 33, 31, 31, 31, 31, 31, 31, 31, 31, 31, 31, 31, 31, 31, 33, 31, 31, 31, 31, 31, 33, 31, 31, 31, 31, 31, 31, 31, 31, 31, 31, 31, 31, 31, 33, 31, 31, 31, 31, 31, 33, 31, 31, 31, 31, 31, 31, 31, 31, 31, 31, 31, 31, 31, 33, 31, 31, 31, 33, 31, 31, 31, 31, 31, 31, 31, 33, 33, 33, 33, 33, 33, 33, 33, 33, 31, 31, 31, 31, 31, 31, 31, 31, 31, 31, 31, 31, 31, 31, 31, 31, 31, 31, 31, 31, 31, }; 
{32, 32, 32, 32, 32, 32, 32, 32, 32, 32, 32, 32, 32, 32, 32, 32, 32, 32, 32, 32, 32, 32, 32, 32, 32, 32, 32, 32, 32, 32, 32, 32, 0, 34, 34, 34, 32, 32, 32, 34, 32, 32, 32, 32, 32, 32, 32, 32, 32, 32, 32, 32, 32, 34, 32, 32, 32, 32, 32, 34, 32, 32, 32, 32, 32, 32, 32, 32, 32, 32, 32, 32, 32, 34, 32, 32, 32, 32, 32, 34, 32, 32, 32, 32, 32, 32, 32, 32, 32, 32, 32, 32, 32, 34, 32, 32, 32, 34, 32, 32, 32, 32, 32, 32, 34, 34, 34, 34, 34, 34, 34, 34, 34, 34, 32, 32, 32, 32, 32, 32, 32, 32, 32, 32, 32, 32, 32, 32, 32, 32, 32, 32, 32, 32, 32, }; 
{33, 33, 33, 33, 33, 33, 33, 33, 33, 33, 33, 33, 33, 33, 33, 33, 33, 33, 33, 33, 33, 33, 33, 33, 33, 33, 33, 33, 33, 33, 33, 33, 33, 0, 35, 35, 33, 33, 33, 35, 33, 33, 33, 33, 33, 33, 33, 33, 33, 33, 33, 33, 33, 35, 33, 33, 33, 33, 33, 35, 33, 33, 33, 33, 33, 33, 33, 33, 33, 33, 33, 33, 33, 35, 33, 33, 33, 33, 33, 35, 33, 33, 33, 33, 33, 33, 33, 33, 33, 33, 33, 33, 33, 35, 33, 33, 33, 35, 33, 33, 33, 33, 33, 35, 35, 35, 35, 35, 35, 35, 35, 35, 35, 35, 33, 33, 33, 33, 33, 33, 33, 33, 33, 33, 33, 33, 33, 33, 33, 33, 33, 33, 33, 33, 33, }; 
{34, 34, 34, 34, 34, 34, 34, 34, 34, 34, 34, 34, 34, 34, 34, 34, 34, 34, 34, 34, 34, 34, 34, 34, 34, 34, 34, 34, 34, 34, 34, 34, 34, 34, 0, 36, 34, 34, 34, 36, 34, 34, 34, 34, 34, 34, 34, 34, 34, 34, 34, 34, 34, 36, 34, 34, 34, 34, 34, 36, 34, 34, 34, 34, 34, 34, 34, 34, 34, 34, 34, 34, 34, 36, 34, 34, 34, 34, 34, 36, 34, 34, 34, 34, 34, 34, 34, 34, 34, 34, 34, 34, 34, 36, 34, 34, 34, 36, 34, 34, 34, 34, 36, 36, 36, 36, 36, 36, 36, 36, 36, 36, 36, 36, 34, 34, 34, 34, 34, 34, 34, 34, 34, 34, 34, 34, 34, 34, 34, 34, 34, 34, 34, 34, 34, }; 
{35, 35, 35, 35, 35, 35, 35, 35, 35, 35, 35, 35, 35, 35, 35, 35, 35, 35, 35, 35, 35, 35, 35, 35, 35, 35, 35, 35, 35, 35, 35, 35, 35, 35, 35, 0, 35, 35, 35, 40, 35, 35, 35, 35, 35, 35, 35, 35, 35, 35, 35, 35, 35, 40, 35, 35, 35, 35, 35, 40, 35, 35, 35, 35, 35, 35, 35, 35, 35, 35, 35, 35, 35, 40, 35, 35, 35, 35, 35, 40, 35, 35, 35, 35, 35, 35, 35, 35, 35, 35, 35, 35, 35, 40, 35, 35, 35, 40, 35, 35, 35, 40, 40, 40, 40, 40, 40, 40, 40, 40, 40, 40, 40, 40, 35, 35, 35, 35, 35, 35, 35, 35, 35, 35, 35, 35, 35, 35, 35, 35, 35, 35, 35, 35, 35, }; 
{21, 21, 21, 21, 21, 21, 21, 21, 21, 21, 21, 21, 21, 21, 21, 21, 21, 21, 21, 21, 21, 21, 21, 21, 21, 21, 21, 21, 21, 21, 21, 21, 21, 21, 21, 21, 0, 21, 21, 21, 41, 21, 21, 21, 21, 21, 21, 21, 21, 21, 21, 21, 21, 21, 41, 21, 21, 21, 21, 21, 41, 21, 21, 21, 21, 21, 21, 21, 21, 21, 21, 21, 21, 21, 41, 21, 21, 21, 21, 21, 41, 21, 21, 21, 21, 21, 21, 21, 21, 21, 21, 21, 21, 21, 41, 21, 21, 21, 41, 21, 21, 21, 21, 21, 21, 21, 21, 21, 21, 21, 21, 21, 21, 21, 41, 41, 41, 41, 41, 41, 41, 41, 41, 41, 41, 41, 41, 41, 41, 41, 41, 41, 41, 41, 41, }; 
{22, 22, 22, 22, 22, 22, 22, 22, 22, 22, 22, 22, 22, 22, 22, 22, 22, 22, 22, 22, 22, 22, 22, 22, 22, 22, 22, 22, 22, 22, 22, 22, 22, 22, 22, 22, 22, 0, 22, 22, 22, 42, 22, 22, 22, 22, 22, 22, 22, 22, 22, 22, 22, 22, 22, 42, 22, 22, 22, 22, 22, 42, 22, 22, 22, 22, 22, 22, 22, 22, 22, 22, 22, 22, 22, 42, 22, 22, 22, 22, 22, 42, 22, 22, 22, 22, 22, 22, 22, 22, 22, 22, 22, 22, 22, 42, 22, 22, 22, 42, 22, 22, 22, 22, 22, 22, 22, 22, 22, 22, 22, 22, 22, 22, 42, 42, 42, 42, 42, 42, 42, 42, 42, 42, 42, 42, 42, 42, 42, 42, 42, 42, 42, 42, 42, }; 
{23, 23, 23, 23, 23, 23, 23, 23, 23, 23, 23, 23, 23, 23, 23, 23, 23, 23, 23, 23, 23, 23, 23, 23, 23, 23, 23, 23, 23, 23, 23, 23, 23, 23, 23, 23, 23, 23, 0, 23, 23, 23, 43, 43, 43, 43, 43, 43, 43, 43, 43, 43, 43, 23, 23, 23, 43, 43, 43, 23, 23, 23, 43, 43, 43, 43, 43, 43, 43, 43, 43, 43, 43, 23, 23, 23, 43, 43, 43, 23, 23, 23, 43, 43, 43, 43, 43, 43, 43, 43, 43, 43, 43, 23, 23, 23, 43, 23, 23, 23, 43, 43, 43, 43, 43, 43, 43, 43, 43, 43, 43, 43, 43, 43, 23, 23, 23, 23, 23, 23, 23, 23, 23, 23, 23, 23, 23, 23, 23, 23, 23, 23, 23, 23, 23, }; 
{36, 36, 36, 36, 36, 36, 36, 36, 36, 36, 36, 36, 36, 36, 36, 36, 36, 36, 36, 36, 36, 36, 36, 36, 36, 36, 36, 36, 36, 36, 36, 36, 36, 36, 36, 36, 36, 36, 36, 0, 36, 36, 36, 36, 36, 36, 36, 36, 36, 36, 36, 36, 36, 54, 36, 36, 36, 36, 36, 54, 36, 36, 36, 36, 36, 36, 36, 36, 36, 36, 36, 36, 36, 54, 36, 36, 36, 36, 36, 54, 36, 36, 36, 36, 36, 36, 36, 36, 36, 36, 36, 36, 36, 54, 36, 36, 36, 54, 36, 36, 54, 54, 54, 54, 54, 54, 54, 54, 54, 54, 54, 54, 54, 54, 36, 36, 36, 36, 36, 36, 36, 36, 36, 36, 36, 36, 36, 36, 36, 36, 36, 36, 36, 36, 36, }; 
{37, 37, 37, 37, 37, 37, 37, 37, 37, 37, 37, 37, 37, 37, 37, 37, 37, 37, 37, 37, 37, 37, 37, 37, 37, 37, 37, 37, 37, 37, 37, 37, 37, 37, 37, 37, 37, 37, 37, 37, 0, 37, 37, 37, 37, 37, 37, 37, 37, 37, 37, 37, 37, 37, 55, 37, 37, 37, 37, 37, 55, 37, 37, 37, 37, 37, 37, 37, 37, 37, 37, 37, 37, 37, 55, 37, 37, 37, 37, 37, 55, 37, 37, 37, 37, 37, 37, 37, 37, 37, 37, 37, 37, 37, 55, 37, 37, 37, 55, 55, 37, 37, 37, 37, 37, 37, 37, 37, 37, 37, 37, 37, 37, 37, 55, 55, 55, 55, 55, 55, 55, 55, 55, 55, 55, 55, 55, 55, 55, 55, 55, 55, 55, 55, 55, }; 
{38, 38, 38, 38, 38, 38, 38, 38, 38, 38, 38, 38, 38, 38, 38, 38, 38, 38, 38, 38, 38, 38, 38, 38, 38, 38, 38, 38, 38, 38, 38, 38, 38, 38, 38, 38, 38, 38, 38, 38, 38, 0, 38, 38, 38, 38, 38, 38, 38, 38, 38, 38, 38, 38, 38, 56, 38, 38, 38, 38, 38, 56, 38, 38, 38, 38, 38, 38, 38, 38, 38, 38, 38, 38, 38, 56, 38, 38, 38, 38, 38, 56, 38, 38, 38, 38, 38, 38, 38, 38, 38, 38, 38, 38, 38, 56, 38, 38, 56, 56, 38, 38, 38, 38, 38, 38, 38, 38, 38, 38, 38, 38, 38, 38, 56, 56, 56, 56, 56, 56, 56, 56, 56, 56, 56, 56, 56, 56, 56, 56, 56, 56, 56, 56, 56, }; 
{39, 39, 39, 39, 39, 39, 39, 39, 39, 39, 39, 39, 39, 39, 39, 39, 39, 39, 39, 39, 39, 39, 39, 39, 39, 39, 39, 39, 39, 39, 39, 39, 39, 39, 39, 39, 39, 39, 39, 39, 39, 39, 0, 57, 57, 57, 57, 57, 57, 57, 57, 57, 57, 39, 39, 39, 57, 57, 57, 39, 39, 39, 57, 57, 57, 57, 57, 57, 57, 57, 57, 57, 57, 39, 39, 39, 57, 57, 57, 39, 39, 39, 57, 57, 57, 57, 57, 57, 57, 57, 57, 57, 57, 39, 39, 39, 57, 57, 39, 39, 57, 57, 57, 57, 57, 57, 57, 57, 57, 57, 57, 57, 57, 57, 39, 39, 39, 39, 39, 39, 39, 39, 39, 39, 39, 39, 39, 39, 39, 39, 39, 39, 39, 39, 39, }; 
{58, 58, 58, 58, 58, 58, 58, 58, 58, 58, 58, 58, 58, 58, 58, 58, 58, 58, 58, 58, 58, 58, 58, 58, 58, 58, 58, 58, 58, 58, 58, 58, 58, 58, 58, 58, 58, 58, 58, 58, 58, 58, 58, 0, 45, 45, 45, 45, 45, 45, 45, 45, 45, 58, 58, 58, 58, 58, 45, 58, 58, 58, 58, 58, 58, 45, 45, 45, 45, 45, 45, 45, 45, 58, 58, 58, 58, 58, 45, 58, 58, 58, 58, 58, 58, 58, 58, 58, 58, 58, 58, 58, 45, 58, 58, 58, 58, 58, 58, 58, 58, 58, 58, 58, 58, 58, 58, 58, 58, 58, 58, 58, 58, 58, 58, 58, 58, 58, 58, 58, 58, 58, 58, 58, 58, 58, 58, 58, 58, 58, 58, 58, 58, 58, 58, }; 
{44, 44, 44, 44, 44, 44, 44, 44, 44, 44, 44, 44, 44, 44, 44, 44, 44, 44, 44, 44, 44, 44, 44, 44, 44, 44, 44, 44, 44, 44, 44, 44, 44, 44, 44, 44, 44, 44, 44, 44, 44, 44, 44, 44, 0, 46, 46, 46, 46, 46, 46, 46, 46, 44, 44, 44, 44, 44, 46, 44, 44, 44, 44, 44, 44, 46, 46, 46, 46, 46, 46, 46, 46, 44, 44, 44, 44, 44, 46, 44, 44, 44, 44, 44, 44, 44, 44, 44, 44, 44, 44, 44, 46, 44, 44, 44, 44, 44, 44, 44, 44, 44, 44, 44, 44, 44, 44, 44, 44, 44, 44, 44, 44, 44, 44, 44, 44, 44, 44, 44, 44, 44, 44, 44, 44, 44, 44, 44, 44, 44, 44, 44, 44, 44, 44, }; 
{45, 45, 45, 45, 45, 45, 45, 45, 45, 45, 45, 45, 45, 45, 45, 45, 45, 45, 45, 45, 45, 45, 45, 45, 45, 45, 45, 45, 45, 45, 45, 45, 45, 45, 45, 45, 45, 45, 45, 45, 45, 45, 45, 45, 45, 0, 47, 47, 47, 47, 47, 47, 47, 45, 45, 45, 45, 45, 47, 45, 45, 45, 45, 45, 45, 47, 47, 47, 47, 47, 47, 47, 47, 45, 45, 45, 45, 45, 47, 45, 45, 45, 45, 45, 45, 45, 45, 45, 45, 45, 45, 47, 47, 45, 45, 45, 45, 45, 45, 45, 45, 45, 45, 45, 45, 45, 45, 45, 45, 45, 45, 45, 45, 45, 45, 45, 45, 45, 45, 45, 45, 45, 45, 45, 45, 45, 45, 45, 45, 45, 45, 45, 45, 45, 45, }; 
{46, 46, 46, 46, 46, 46, 46, 46, 46, 46, 46, 46, 46, 46, 46, 46, 46, 46, 46, 46, 46, 46, 46, 46, 46, 46, 46, 46, 46, 46, 46, 46, 46, 46, 46, 46, 46, 46, 46, 46, 46, 46, 46, 46, 46, 46, 0, 48, 48, 48, 48, 48, 48, 46, 46, 46, 46, 46, 48, 46, 46, 46, 46, 46, 46, 48, 48, 48, 48, 48, 48, 48, 48, 46, 46, 46, 46, 46, 48, 46, 46, 46, 46, 46, 46, 46, 46, 46, 46, 46, 48, 48, 48, 46, 46, 46, 46, 46, 46, 46, 46, 46, 46, 46, 46, 46, 46, 46, 46, 46, 46, 46, 46, 46, 46, 46, 46, 46, 46, 46, 46, 46, 46, 46, 46, 46, 46, 46, 46, 46, 46, 46, 46, 46, 46, }; 
{47, 47, 47, 47, 47, 47, 47, 47, 47, 47, 47, 47, 47, 47, 47, 47, 47, 47, 47, 47, 47, 47, 47, 47, 47, 47, 47, 47, 47, 47, 47, 47, 47, 47, 47, 47, 47, 47, 47, 47, 47, 47, 47, 47, 47, 47, 47, 0, 49, 49, 49, 49, 49, 47, 47, 47, 47, 47, 49, 47, 47, 47, 47, 47, 47, 49, 49, 49, 49, 49, 49, 49, 49, 47, 47, 47, 47, 47, 49, 47, 47, 47, 47, 47, 47, 47, 47, 47, 47, 49, 49, 49, 49, 47, 47, 47, 47, 47, 47, 47, 47, 47, 47, 47, 47, 47, 47, 47, 47, 47, 47, 47, 47, 47, 47, 47, 47, 47, 47, 47, 47, 47, 47, 47, 47, 47, 47, 47, 47, 47, 47, 47, 47, 47, 47, }; 
{48, 48, 48, 48, 48, 48, 48, 48, 48, 48, 48, 48, 48, 48, 48, 48, 48, 48, 48, 48, 48, 48, 48, 48, 48, 48, 48, 48, 48, 48, 48, 48, 48, 48, 48, 48, 48, 48, 48, 48, 48, 48, 48, 48, 48, 48, 48, 48, 0, 50, 50, 50, 50, 48, 48, 48, 48, 48, 50, 48, 48, 48, 48, 48, 48, 50, 50, 50, 50, 50, 50, 50, 50, 48, 48, 48, 48, 48, 50, 48, 48, 48, 48, 48, 48, 48, 48, 48, 50, 50, 50, 50, 50, 48, 48, 48, 48, 48, 48, 48, 48, 48, 48, 48, 48, 48, 48, 48, 48, 48, 48, 48, 48, 48, 48, 48, 48, 48, 48, 48, 48, 48, 48, 48, 48, 48, 48, 48, 48, 48, 48, 48, 48, 48, 48, }; 
{49, 49, 49, 49, 49, 49, 49, 49, 49, 49, 49, 49, 49, 49, 49, 49, 49, 49, 49, 49, 49, 49, 49, 49, 49, 49, 49, 49, 49, 49, 49, 49, 49, 49, 49, 49, 49, 49, 49, 49, 49, 49, 49, 49, 49, 49, 49, 49, 49, 0, 51, 51, 51, 49, 49, 49, 49, 49, 51, 49, 49, 49, 49, 49, 49, 51, 51, 51, 51, 51, 51, 51, 51, 49, 49, 49, 49, 49, 51, 49, 49, 49, 49, 49, 49, 49, 49, 51, 51, 51, 51, 51, 51, 49, 49, 49, 49, 49, 49, 49, 49, 49, 49, 49, 49, 49, 49, 49, 49, 49, 49, 49, 49, 49, 49, 49, 49, 49, 49, 49, 49, 49, 49, 49, 49, 49, 49, 49, 49, 49, 49, 49, 49, 49, 49, }; 
{50, 50, 50, 50, 50, 50, 50, 50, 50, 50, 50, 50, 50, 50, 50, 50, 50, 50, 50, 50, 50, 50, 50, 50, 50, 50, 50, 50, 50, 50, 50, 50, 50, 50, 50, 50, 50, 50, 50, 50, 50, 50, 50, 50, 50, 50, 50, 50, 50, 50, 0, 52, 52, 50, 50, 50, 50, 50, 52, 50, 50, 50, 50, 50, 50, 52, 52, 52, 52, 52, 52, 52, 52, 50, 50, 50, 50, 50, 52, 50, 50, 50, 50, 50, 50, 50, 52, 52, 52, 52, 52, 52, 52, 50, 50, 50, 50, 50, 50, 50, 50, 50, 50, 50, 50, 50, 50, 50, 50, 50, 50, 50, 50, 50, 50, 50, 50, 50, 50, 50, 50, 50, 50, 50, 50, 50, 50, 50, 50, 50, 50, 50, 50, 50, 50, }; 
{51, 51, 51, 51, 51, 51, 51, 51, 51, 51, 51, 51, 51, 51, 51, 51, 51, 51, 51, 51, 51, 51, 51, 51, 51, 51, 51, 51, 51, 51, 51, 51, 51, 51, 51, 51, 51, 51, 51, 51, 51, 51, 51, 51, 51, 51, 51, 51, 51, 51, 51, 0, 53, 51, 51, 51, 51, 51, 53, 51, 51, 51, 51, 51, 51, 53, 53, 53, 53, 53, 53, 53, 53, 51, 51, 51, 51, 51, 53, 51, 51, 51, 51, 51, 51, 53, 53, 53, 53, 53, 53, 53, 53, 51, 51, 51, 51, 51, 51, 51, 51, 51, 51, 51, 51, 51, 51, 51, 51, 51, 51, 51, 51, 51, 51, 51, 51, 51, 51, 51, 51, 51, 51, 51, 51, 51, 51, 51, 51, 51, 51, 51, 51, 51, 51, }; 
{52, 52, 52, 52, 52, 52, 52, 52, 52, 52, 52, 52, 52, 52, 52, 52, 52, 52, 52, 52, 52, 52, 52, 52, 52, 52, 52, 52, 52, 52, 52, 52, 52, 52, 52, 52, 52, 52, 52, 52, 52, 52, 52, 52, 52, 52, 52, 52, 52, 52, 52, 52, 0, 52, 52, 52, 52, 52, 59, 52, 52, 52, 52, 52, 52, 59, 59, 59, 59, 59, 59, 59, 59, 52, 52, 52, 52, 52, 59, 52, 52, 52, 52, 52, 59, 59, 59, 59, 59, 59, 59, 59, 59, 52, 52, 52, 52, 52, 52, 52, 52, 52, 52, 52, 52, 52, 52, 52, 52, 52, 52, 52, 52, 52, 52, 52, 52, 52, 52, 52, 52, 52, 52, 52, 52, 52, 52, 52, 52, 52, 52, 52, 52, 52, 52, }; 
{40, 40, 40, 40, 40, 40, 40, 40, 40, 40, 40, 40, 40, 40, 40, 40, 40, 40, 40, 40, 40, 40, 40, 40, 40, 40, 40, 40, 40, 40, 40, 40, 40, 40, 40, 40, 40, 40, 40, 40, 40, 40, 40, 40, 40, 40, 40, 40, 40, 40, 40, 40, 40, 0, 40, 40, 40, 40, 40, 60, 40, 40, 40, 40, 40, 40, 40, 40, 40, 40, 40, 40, 40, 60, 40, 40, 40, 40, 40, 60, 40, 40, 40, 40, 40, 40, 40, 40, 40, 40, 40, 40, 40, 60, 40, 40, 60, 60, 40, 40, 60, 60, 60, 60, 60, 60, 60, 60, 60, 60, 60, 60, 60, 60, 40, 40, 40, 40, 40, 40, 40, 40, 40, 40, 40, 40, 40, 40, 40, 40, 40, 40, 40, 40, 40, }; 
{41, 41, 41, 41, 41, 41, 41, 41, 41, 41, 41, 41, 41, 41, 41, 41, 41, 41, 41, 41, 41, 41, 41, 41, 41, 41, 41, 41, 41, 41, 41, 41, 41, 41, 41, 41, 41, 41, 41, 41, 41, 41, 41, 41, 41, 41, 41, 41, 41, 41, 41, 41, 41, 41, 0, 41, 41, 41, 41, 41, 61, 41, 41, 41, 41, 41, 41, 41, 41, 41, 41, 41, 41, 41, 61, 41, 41, 41, 41, 41, 61, 41, 41, 41, 41, 41, 41, 41, 41, 41, 41, 41, 41, 41, 61, 61, 41, 41, 61, 61, 41, 41, 41, 41, 41, 41, 41, 41, 41, 41, 41, 41, 41, 41, 61, 61, 61, 61, 61, 61, 61, 61, 61, 61, 61, 61, 61, 61, 61, 61, 61, 61, 61, 61, 61, }; 
{42, 42, 42, 42, 42, 42, 42, 42, 42, 42, 42, 42, 42, 42, 42, 42, 42, 42, 42, 42, 42, 42, 42, 42, 42, 42, 42, 42, 42, 42, 42, 42, 42, 42, 42, 42, 42, 42, 42, 42, 42, 42, 42, 42, 42, 42, 42, 42, 42, 42, 42, 42, 42, 42, 42, 0, 42, 42, 42, 42, 42, 62, 42, 42, 42, 42, 42, 42, 42, 42, 42, 42, 42, 42, 42, 62, 42, 42, 42, 42, 42, 62, 42, 42, 42, 42, 42, 42, 42, 42, 42, 42, 42, 42, 62, 62, 42, 42, 62, 62, 42, 42, 42, 42, 42, 42, 42, 42, 42, 42, 42, 42, 42, 42, 62, 62, 62, 62, 62, 62, 62, 62, 62, 62, 62, 62, 62, 62, 62, 62, 62, 62, 62, 62, 62, }; 
{43, 43, 43, 43, 43, 43, 43, 43, 43, 43, 43, 43, 43, 43, 43, 43, 43, 43, 43, 43, 43, 43, 43, 43, 43, 43, 43, 43, 43, 43, 43, 43, 43, 43, 43, 43, 43, 43, 43, 43, 43, 43, 43, 63, 63, 63, 63, 63, 63, 63, 63, 63, 63, 43, 43, 43, 0, 63, 63, 43, 43, 43, 63, 63, 63, 63, 63, 63, 63, 63, 63, 63, 63, 43, 43, 43, 63, 63, 63, 43, 43, 43, 63, 63, 63, 63, 63, 63, 63, 63, 63, 63, 63, 63, 43, 43, 63, 63, 43, 43, 63, 63, 63, 63, 63, 63, 63, 63, 63, 63, 63, 63, 63, 63, 43, 43, 43, 43, 43, 43, 43, 43, 43, 43, 43, 43, 43, 43, 43, 43, 43, 43, 43, 43, 43, }; 
{65, 65, 65, 65, 65, 65, 65, 65, 65, 65, 65, 65, 65, 65, 65, 65, 65, 65, 65, 65, 65, 65, 65, 65, 65, 65, 65, 65, 65, 65, 65, 65, 65, 65, 65, 65, 65, 65, 65, 65, 65, 65, 65, 44, 44, 44, 44, 44, 44, 44, 44, 44, 44, 65, 65, 65, 65, 0, 44, 65, 65, 65, 65, 65, 65, 44, 44, 44, 44, 44, 44, 44, 44, 65, 65, 65, 65, 65, 44, 65, 65, 65, 65, 65, 65, 65, 65, 65, 65, 65, 65, 65, 65, 65, 65, 65, 65, 65, 65, 65, 65, 65, 65, 65, 65, 65, 65, 65, 65, 65, 65, 65, 65, 65, 65, 65, 65, 65, 65, 65, 65, 65, 65, 65, 65, 65, 65, 65, 65, 65, 65, 65, 65, 65, 65, }; 
{53, 53, 53, 53, 53, 53, 53, 53, 53, 53, 53, 53, 53, 53, 53, 53, 53, 53, 53, 53, 53, 53, 53, 53, 53, 53, 53, 53, 53, 53, 53, 53, 53, 53, 53, 53, 53, 53, 53, 53, 53, 53, 53, 53, 53, 53, 53, 53, 53, 53, 53, 53, 53, 53, 53, 53, 53, 53, 0, 53, 53, 53, 53, 53, 53, 73, 73, 73, 73, 73, 73, 73, 73, 53, 53, 53, 53, 53, 73, 53, 53, 53, 53, 73, 73, 73, 73, 73, 73, 73, 73, 73, 73, 53, 53, 53, 53, 53, 53, 53, 53, 53, 53, 53, 53, 53, 53, 53, 53, 53, 53, 53, 53, 53, 53, 53, 53, 53, 53, 53, 53, 53, 53, 53, 53, 53, 53, 53, 53, 53, 53, 53, 53, 53, 53, }; 
{54, 54, 54, 54, 54, 54, 54, 54, 54, 54, 54, 54, 54, 54, 54, 54, 54, 54, 54, 54, 54, 54, 54, 54, 54, 54, 54, 54, 54, 54, 54, 54, 54, 54, 54, 54, 54, 54, 54, 54, 54, 54, 54, 54, 54, 54, 54, 54, 54, 54, 54, 54, 54, 54, 54, 54, 54, 54, 54, 0, 54, 54, 54, 54, 54, 54, 54, 54, 54, 54, 54, 54, 54, 74, 54, 54, 54, 54, 54, 74, 54, 54, 74, 54, 54, 54, 54, 54, 54, 54, 54, 54, 54, 74, 54, 54, 74, 74, 54, 54, 74, 74, 74, 74, 74, 74, 74, 74, 74, 74, 74, 74, 74, 74, 54, 54, 54, 54, 54, 54, 54, 54, 54, 54, 54, 54, 54, 54, 54, 54, 54, 54, 54, 54, 54, }; 
{55, 55, 55, 55, 55, 55, 55, 55, 55, 55, 55, 55, 55, 55, 55, 55, 55, 55, 55, 55, 55, 55, 55, 55, 55, 55, 55, 55, 55, 55, 55, 55, 55, 55, 55, 55, 55, 55, 55, 55, 55, 55, 55, 55, 55, 55, 55, 55, 55, 55, 55, 55, 55, 55, 55, 55, 55, 55, 55, 55, 0, 55, 55, 55, 55, 55, 55, 55, 55, 55, 55, 55, 55, 55, 75, 55, 55, 55, 55, 55, 75, 75, 55, 55, 55, 55, 55, 55, 55, 55, 55, 55, 55, 55, 75, 75, 55, 55, 75, 75, 55, 55, 55, 55, 55, 55, 55, 55, 55, 55, 55, 55, 55, 55, 75, 75, 75, 75, 75, 75, 75, 75, 75, 75, 75, 75, 75, 75, 75, 75, 75, 75, 75, 75, 75, }; 
{56, 56, 56, 56, 56, 56, 56, 56, 56, 56, 56, 56, 56, 56, 56, 56, 56, 56, 56, 56, 56, 56, 56, 56, 56, 56, 56, 56, 56, 56, 56, 56, 56, 56, 56, 56, 56, 56, 56, 56, 56, 56, 56, 56, 56, 56, 56, 56, 56, 56, 56, 56, 56, 56, 56, 56, 56, 56, 56, 56, 56, 0, 56, 56, 56, 56, 56, 56, 56, 56, 56, 56, 56, 56, 56, 76, 56, 56, 56, 56, 76, 76, 56, 56, 56, 56, 56, 56, 56, 56, 56, 56, 56, 56, 76, 76, 56, 56, 76, 76, 56, 56, 56, 56, 56, 56, 56, 56, 56, 56, 56, 56, 56, 56, 76, 76, 76, 76, 76, 76, 76, 76, 76, 76, 76, 76, 76, 76, 76, 76, 76, 76, 76, 76, 76, }; 
{57, 57, 57, 57, 57, 57, 57, 57, 57, 57, 57, 57, 57, 57, 57, 57, 57, 57, 57, 57, 57, 57, 57, 57, 57, 57, 57, 57, 57, 57, 57, 57, 57, 57, 57, 57, 57, 57, 57, 57, 57, 57, 57, 64, 64, 64, 64, 64, 64, 64, 64, 64, 64, 57, 57, 57, 57, 64, 64, 57, 57, 57, 0, 64, 64, 64, 64, 64, 64, 64, 64, 64, 64, 57, 57, 57, 77, 64, 64, 77, 57, 57, 77, 64, 64, 64, 64, 64, 64, 64, 64, 64, 64, 77, 57, 57, 77, 77, 57, 57, 77, 77, 77, 77, 77, 77, 77, 77, 77, 77, 77, 77, 77, 77, 57, 57, 57, 57, 57, 57, 57, 57, 57, 57, 57, 57, 57, 57, 57, 57, 57, 57, 57, 57, 57, }; 
{63, 63, 63, 63, 63, 63, 63, 63, 63, 63, 63, 63, 63, 63, 63, 63, 63, 63, 63, 63, 63, 63, 63, 63, 63, 63, 63, 63, 63, 63, 63, 63, 63, 63, 63, 63, 63, 63, 63, 63, 63, 63, 63, 65, 65, 65, 65, 65, 65, 65, 65, 65, 65, 63, 63, 63, 63, 65, 65, 63, 63, 63, 63, 0, 65, 65, 65, 65, 65, 65, 65, 65, 65, 63, 63, 63, 63, 65, 65, 63, 63, 63, 63, 65, 65, 65, 65, 65, 65, 65, 65, 65, 65, 63, 63, 63, 63, 63, 63, 63, 63, 63, 63, 63, 63, 63, 63, 63, 63, 63, 63, 63, 63, 63, 63, 63, 63, 63, 63, 63, 63, 63, 63, 63, 63, 63, 63, 63, 63, 63, 63, 63, 63, 63, 63, }; 
{64, 64, 64, 64, 64, 64, 64, 64, 64, 64, 64, 64, 64, 64, 64, 64, 64, 64, 64, 64, 64, 64, 64, 64, 64, 64, 64, 64, 64, 64, 64, 64, 64, 64, 64, 64, 64, 64, 64, 64, 64, 64, 64, 58, 58, 58, 58, 58, 58, 58, 58, 58, 58, 64, 64, 64, 64, 58, 58, 64, 64, 64, 64, 64, 0, 58, 58, 58, 58, 58, 58, 58, 58, 64, 64, 64, 64, 78, 78, 64, 64, 64, 64, 78, 78, 78, 78, 78, 78, 78, 78, 78, 78, 64, 64, 64, 64, 64, 64, 64, 64, 64, 64, 64, 64, 64, 64, 64, 64, 64, 64, 64, 64, 64, 64, 64, 64, 64, 64, 64, 64, 64, 64, 64, 64, 64, 64, 64, 64, 64, 64, 64, 64, 64, 64, }; 
{67, 67, 67, 67, 67, 67, 67, 67, 67, 67, 67, 67, 67, 67, 67, 67, 67, 67, 67, 67, 67, 67, 67, 67, 67, 67, 67, 67, 67, 67, 67, 67, 67, 67, 67, 67, 67, 67, 67, 67, 67, 67, 67, 67, 67, 67, 67, 67, 67, 67, 67, 67, 67, 67, 67, 67, 67, 67, 67, 67, 67, 67, 67, 67, 67, 0, 67, 67, 67, 67, 67, 67, 67, 67, 67, 67, 67, 67, 67, 67, 67, 67, 67, 67, 67, 67, 67, 67, 67, 67, 67, 67, 67, 67, 67, 67, 67, 67, 67, 67, 67, 67, 67, 67, 67, 67, 67, 67, 67, 67, 67, 67, 67, 67, 67, 67, 67, 67, 67, 67, 67, 67, 67, 67, 67, 67, 67, 67, 67, 67, 67, 67, 67, 67, 67, }; 
{68, 68, 68, 68, 68, 68, 68, 68, 68, 68, 68, 68, 68, 68, 68, 68, 68, 68, 68, 68, 68, 68, 68, 68, 68, 68, 68, 68, 68, 68, 68, 68, 68, 68, 68, 68, 68, 68, 68, 68, 68, 68, 68, 68, 68, 68, 68, 68, 68, 68, 68, 68, 68, 68, 68, 68, 68, 68, 68, 68, 68, 68, 68, 68, 68, 66, 0, 68, 68, 68, 68, 68, 68, 68, 68, 68, 68, 68, 68, 68, 68, 68, 68, 68, 68, 68, 68, 68, 68, 68, 68, 68, 68, 68, 68, 68, 68, 68, 68, 68, 68, 68, 68, 68, 68, 68, 68, 68, 68, 68, 68, 68, 68, 68, 68, 68, 68, 68, 68, 68, 68, 68, 68, 68, 68, 68, 68, 68, 68, 68, 68, 68, 68, 68, 68, }; 
{69, 69, 69, 69, 69, 69, 69, 69, 69, 69, 69, 69, 69, 69, 69, 69, 69, 69, 69, 69, 69, 69, 69, 69, 69, 69, 69, 69, 69, 69, 69, 69, 69, 69, 69, 69, 69, 69, 69, 69, 69, 69, 69, 69, 69, 69, 69, 69, 69, 69, 69, 69, 69, 69, 69, 69, 69, 69, 69, 69, 69, 69, 69, 69, 69, 67, 67, 0, 69, 69, 69, 69, 69, 69, 69, 69, 69, 69, 69, 69, 69, 69, 69, 69, 69, 69, 69, 69, 69, 69, 69, 69, 69, 69, 69, 69, 69, 69, 69, 69, 69, 69, 69, 69, 69, 69, 69, 69, 69, 69, 69, 69, 69, 69, 69, 69, 69, 69, 69, 69, 69, 69, 69, 69, 69, 69, 69, 69, 69, 69, 69, 69, 69, 69, 69, }; 
{70, 70, 70, 70, 70, 70, 70, 70, 70, 70, 70, 70, 70, 70, 70, 70, 70, 70, 70, 70, 70, 70, 70, 70, 70, 70, 70, 70, 70, 70, 70, 70, 70, 70, 70, 70, 70, 70, 70, 70, 70, 70, 70, 70, 70, 70, 70, 70, 70, 70, 70, 70, 70, 70, 70, 70, 70, 70, 70, 70, 70, 70, 70, 70, 70, 68, 68, 68, 0, 70, 70, 70, 70, 70, 70, 70, 70, 70, 70, 70, 70, 70, 70, 70, 70, 70, 70, 70, 70, 70, 70, 70, 70, 70, 70, 70, 70, 70, 70, 70, 70, 70, 70, 70, 70, 70, 70, 70, 70, 70, 70, 70, 70, 70, 70, 70, 70, 70, 70, 70, 70, 70, 70, 70, 70, 70, 70, 70, 70, 70, 70, 70, 70, 70, 70, }; 
{71, 71, 71, 71, 71, 71, 71, 71, 71, 71, 71, 71, 71, 71, 71, 71, 71, 71, 71, 71, 71, 71, 71, 71, 71, 71, 71, 71, 71, 71, 71, 71, 71, 71, 71, 71, 71, 71, 71, 71, 71, 71, 71, 71, 71, 71, 71, 71, 71, 71, 71, 71, 71, 71, 71, 71, 71, 71, 71, 71, 71, 71, 71, 71, 71, 69, 69, 69, 69, 0, 71, 71, 71, 71, 71, 71, 71, 71, 71, 71, 71, 71, 71, 71, 71, 71, 71, 71, 71, 71, 71, 71, 71, 71, 71, 71, 71, 71, 71, 71, 71, 71, 71, 71, 71, 71, 71, 71, 71, 71, 71, 71, 71, 71, 71, 71, 71, 71, 71, 71, 71, 71, 71, 71, 71, 71, 71, 71, 71, 71, 71, 71, 71, 71, 71, }; 
{72, 72, 72, 72, 72, 72, 72, 72, 72, 72, 72, 72, 72, 72, 72, 72, 72, 72, 72, 72, 72, 72, 72, 72, 72, 72, 72, 72, 72, 72, 72, 72, 72, 72, 72, 72, 72, 72, 72, 72, 72, 72, 72, 72, 72, 72, 72, 72, 72, 72, 72, 72, 72, 72, 72, 72, 72, 72, 72, 72, 72, 72, 72, 72, 72, 70, 70, 70, 70, 70, 0, 72, 72, 72, 72, 72, 72, 72, 72, 72, 72, 72, 72, 72, 72, 72, 72, 72, 72, 72, 72, 72, 72, 72, 72, 72, 72, 72, 72, 72, 72, 72, 72, 72, 72, 72, 72, 72, 72, 72, 72, 72, 72, 72, 72, 72, 72, 72, 72, 72, 72, 72, 72, 72, 72, 72, 72, 72, 72, 72, 72, 72, 72, 72, 72, }; 
{73, 73, 73, 73, 73, 73, 73, 73, 73, 73, 73, 73, 73, 73, 73, 73, 73, 73, 73, 73, 73, 73, 73, 73, 73, 73, 73, 73, 73, 73, 73, 73, 73, 73, 73, 73, 73, 73, 73, 73, 73, 73, 73, 73, 73, 73, 73, 73, 73, 73, 73, 73, 73, 73, 73, 73, 73, 73, 73, 73, 73, 73, 73, 73, 73, 71, 71, 71, 71, 71, 71, 0, 73, 73, 73, 73, 73, 73, 73, 73, 73, 73, 73, 73, 73, 73, 73, 73, 73, 73, 73, 73, 73, 73, 73, 73, 73, 73, 73, 73, 73, 73, 73, 73, 73, 73, 73, 73, 73, 73, 73, 73, 73, 73, 73, 73, 73, 73, 73, 73, 73, 73, 73, 73, 73, 73, 73, 73, 73, 73, 73, 73, 73, 73, 73, }; 
{59, 59, 59, 59, 59, 59, 59, 59, 59, 59, 59, 59, 59, 59, 59, 59, 59, 59, 59, 59, 59, 59, 59, 59, 59, 59, 59, 59, 59, 59, 59, 59, 59, 59, 59, 59, 59, 59, 59, 59, 59, 59, 59, 59, 59, 59, 59, 59, 59, 59, 59, 59, 59, 59, 59, 59, 59, 59, 59, 59, 59, 59, 59, 59, 59, 72, 72, 72, 72, 72, 72, 72, 0, 59, 59, 59, 59, 79, 79, 59, 59, 59, 59, 79, 79, 79, 79, 79, 79, 79, 79, 79, 79, 59, 59, 59, 59, 59, 59, 59, 59, 59, 59, 59, 59, 59, 59, 59, 59, 59, 59, 59, 59, 59, 59, 59, 59, 59, 59, 59, 59, 59, 59, 59, 59, 59, 59, 59, 59, 59, 59, 59, 59, 59, 59, }; 
{60, 60, 60, 60, 60, 60, 60, 60, 60, 60, 60, 60, 60, 60, 60, 60, 60, 60, 60, 60, 60, 60, 60, 60, 60, 60, 60, 60, 60, 60, 60, 60, 60, 60, 60, 60, 60, 60, 60, 60, 60, 60, 60, 60, 60, 60, 60, 60, 60, 60, 60, 60, 60, 60, 60, 60, 60, 60, 60, 60, 60, 60, 60, 60, 60, 60, 60, 60, 60, 60, 60, 60, 60, 0, 60, 60, 80, 60, 60, 80, 60, 60, 80, 60, 60, 60, 60, 60, 60, 60, 60, 60, 60, 80, 60, 60, 80, 80, 60, 60, 80, 80, 80, 80, 80, 80, 80, 80, 80, 80, 80, 80, 80, 80, 60, 60, 60, 60, 60, 60, 60, 60, 60, 60, 60, 60, 60, 60, 60, 60, 60, 60, 60, 60, 60, }; 
{61, 61, 61, 61, 61, 61, 61, 61, 61, 61, 61, 61, 61, 61, 61, 61, 61, 61, 61, 61, 61, 61, 61, 61, 61, 61, 61, 61, 61, 61, 61, 61, 61, 61, 61, 61, 61, 61, 61, 61, 61, 61, 61, 61, 61, 61, 61, 61, 61, 61, 61, 61, 61, 61, 61, 61, 61, 61, 61, 61, 61, 61, 61, 61, 61, 61, 61, 61, 61, 61, 61, 61, 61, 61, 0, 81, 61, 61, 61, 61, 81, 81, 61, 61, 61, 61, 61, 61, 61, 61, 61, 61, 61, 61, 81, 81, 61, 61, 81, 81, 61, 61, 61, 61, 61, 61, 61, 61, 61, 61, 61, 61, 61, 61, 81, 81, 81, 81, 81, 81, 81, 81, 81, 81, 81, 81, 81, 81, 81, 81, 81, 81, 81, 81, 81, }; 
{62, 62, 62, 62, 62, 62, 62, 62, 62, 62, 62, 62, 62, 62, 62, 62, 62, 62, 62, 62, 62, 62, 62, 62, 62, 62, 62, 62, 62, 62, 62, 62, 62, 62, 62, 62, 62, 62, 62, 62, 62, 62, 62, 62, 62, 62, 62, 62, 62, 62, 62, 62, 62, 62, 62, 62, 62, 62, 62, 62, 62, 62, 62, 62, 62, 62, 62, 62, 62, 62, 62, 62, 62, 62, 82, 0, 62, 62, 62, 62, 82, 82, 62, 62, 62, 62, 62, 62, 62, 62, 62, 62, 62, 62, 82, 82, 62, 62, 82, 82, 62, 62, 62, 62, 62, 62, 62, 62, 62, 62, 62, 62, 62, 62, 82, 82, 82, 82, 82, 82, 82, 82, 82, 82, 82, 82, 82, 82, 82, 82, 82, 82, 82, 82, 82, }; 
{63, 63, 63, 63, 63, 63, 63, 63, 63, 63, 63, 63, 63, 63, 63, 63, 63, 63, 63, 63, 63, 63, 63, 63, 63, 63, 63, 63, 63, 63, 63, 63, 63, 63, 63, 63, 63, 63, 63, 63, 63, 63, 63, 63, 63, 63, 63, 63, 63, 63, 63, 63, 63, 63, 63, 63, 63, 63, 63, 63, 63, 63, 63, 63, 63, 63, 63, 63, 63, 63, 63, 63, 63, 83, 63, 63, 0, 63, 63, 83, 63, 63, 83, 63, 63, 63, 63, 63, 63, 63, 63, 63, 63, 83, 63, 63, 83, 83, 63, 63, 83, 83, 83, 83, 83, 83, 83, 83, 83, 83, 83, 83, 83, 83, 63, 63, 63, 63, 63, 63, 63, 63, 63, 63, 63, 63, 63, 63, 63, 63, 63, 63, 63, 63, 63, }; 
{65, 65, 65, 65, 65, 65, 65, 65, 65, 65, 65, 65, 65, 65, 65, 65, 65, 65, 65, 65, 65, 65, 65, 65, 65, 65, 65, 65, 65, 65, 65, 65, 65, 65, 65, 65, 65, 65, 65, 65, 65, 65, 65, 65, 65, 65, 65, 65, 65, 65, 65, 65, 65, 65, 65, 65, 65, 65, 65, 65, 65, 65, 65, 65, 65, 84, 84, 84, 84, 84, 84, 84, 84, 65, 65, 65, 65, 0, 84, 65, 65, 65, 65, 84, 84, 84, 84, 84, 84, 84, 84, 84, 84, 65, 65, 65, 65, 65, 65, 65, 65, 65, 65, 65, 65, 65, 65, 65, 65, 65, 65, 65, 65, 65, 65, 65, 65, 65, 65, 65, 65, 65, 65, 65, 65, 65, 65, 65, 65, 65, 65, 65, 65, 65, 65, }; 
{93, 93, 93, 93, 93, 93, 93, 93, 93, 93, 93, 93, 93, 93, 93, 93, 93, 93, 93, 93, 93, 93, 93, 93, 93, 93, 93, 93, 93, 93, 93, 93, 93, 93, 93, 93, 93, 93, 93, 93, 93, 93, 93, 73, 73, 73, 73, 73, 73, 73, 73, 73, 73, 93, 93, 93, 93, 73, 73, 93, 93, 93, 93, 93, 93, 73, 73, 73, 73, 73, 73, 73, 73, 93, 93, 93, 93, 93, 0, 93, 93, 93, 93, 93, 93, 93, 93, 93, 93, 93, 93, 93, 93, 93, 93, 93, 93, 93, 93, 93, 93, 93, 93, 93, 93, 93, 93, 93, 93, 93, 93, 93, 93, 93, 93, 93, 93, 93, 93, 93, 93, 93, 93, 93, 93, 93, 93, 93, 93, 93, 93, 93, 93, 93, 93, }; 
{74, 74, 74, 74, 74, 74, 74, 74, 74, 74, 74, 74, 74, 74, 74, 74, 74, 74, 74, 74, 74, 74, 74, 74, 74, 74, 74, 74, 74, 74, 74, 74, 74, 74, 74, 74, 74, 74, 74, 74, 74, 74, 74, 94, 94, 94, 94, 94, 94, 94, 94, 94, 94, 74, 74, 74, 74, 94, 94, 74, 74, 74, 94, 94, 94, 94, 94, 94, 94, 94, 94, 94, 94, 74, 74, 74, 94, 94, 94, 0, 74, 74, 94, 94, 94, 94, 94, 94, 94, 94, 94, 94, 94, 94, 74, 74, 94, 94, 74, 74, 94, 94, 94, 94, 94, 94, 94, 94, 94, 94, 94, 94, 94, 94, 74, 74, 74, 74, 74, 74, 74, 74, 74, 74, 74, 74, 74, 74, 74, 74, 74, 74, 74, 74, 74, }; 
{75, 75, 75, 75, 75, 75, 75, 75, 75, 75, 75, 75, 75, 75, 75, 75, 75, 75, 75, 75, 75, 75, 75, 75, 75, 75, 75, 75, 75, 75, 75, 75, 75, 75, 75, 75, 75, 75, 75, 75, 75, 75, 75, 75, 75, 75, 75, 75, 75, 75, 75, 75, 75, 75, 75, 75, 75, 75, 75, 75, 75, 95, 75, 75, 75, 75, 75, 75, 75, 75, 75, 75, 75, 75, 75, 95, 75, 75, 75, 75, 0, 95, 75, 75, 75, 75, 75, 75, 75, 75, 75, 75, 75, 75, 95, 95, 75, 75, 95, 95, 75, 75, 75, 75, 75, 75, 75, 75, 75, 75, 75, 75, 75, 75, 95, 95, 95, 95, 95, 95, 95, 95, 95, 95, 95, 95, 95, 95, 95, 95, 95, 95, 95, 95, 95, }; 
{76, 76, 76, 76, 76, 76, 76, 76, 76, 76, 76, 76, 76, 76, 76, 76, 76, 76, 76, 76, 76, 76, 76, 76, 76, 76, 76, 76, 76, 76, 76, 76, 76, 76, 76, 76, 76, 76, 76, 76, 76, 76, 76, 76, 76, 76, 76, 76, 76, 76, 76, 76, 76, 76, 76, 76, 76, 76, 76, 76, 96, 76, 76, 76, 76, 76, 76, 76, 76, 76, 76, 76, 76, 76, 96, 76, 76, 76, 76, 76, 96, 0, 76, 76, 76, 76, 76, 76, 76, 76, 76, 76, 76, 76, 96, 96, 76, 76, 96, 96, 76, 76, 76, 76, 76, 76, 76, 76, 76, 76, 76, 76, 76, 76, 96, 96, 96, 96, 96, 96, 96, 96, 96, 96, 96, 96, 96, 96, 96, 96, 96, 96, 96, 96, 96, }; 
{77, 77, 77, 77, 77, 77, 77, 77, 77, 77, 77, 77, 77, 77, 77, 77, 77, 77, 77, 77, 77, 77, 77, 77, 77, 77, 77, 77, 77, 77, 77, 77, 77, 77, 77, 77, 77, 77, 77, 77, 77, 77, 77, 77, 77, 77, 77, 77, 77, 77, 77, 77, 77, 77, 77, 77, 77, 77, 77, 97, 77, 77, 77, 77, 77, 77, 77, 77, 77, 77, 77, 77, 77, 97, 77, 77, 77, 77, 77, 97, 77, 77, 0, 77, 77, 77, 77, 77, 77, 77, 77, 77, 77, 97, 77, 77, 97, 97, 77, 77, 97, 97, 97, 97, 97, 97, 97, 97, 97, 97, 97, 97, 97, 97, 77, 77, 77, 77, 77, 77, 77, 77, 77, 77, 77, 77, 77, 77, 77, 77, 77, 77, 77, 77, 77, }; 
{78, 78, 78, 78, 78, 78, 78, 78, 78, 78, 78, 78, 78, 78, 78, 78, 78, 78, 78, 78, 78, 78, 78, 78, 78, 78, 78, 78, 78, 78, 78, 78, 78, 78, 78, 78, 78, 78, 78, 78, 78, 78, 78, 78, 78, 78, 78, 78, 78, 78, 78, 78, 78, 78, 78, 78, 78, 78, 85, 78, 78, 78, 78, 78, 78, 85, 85, 85, 85, 85, 85, 85, 85, 78, 78, 78, 78, 78, 85, 78, 78, 78, 78, 0, 85, 85, 85, 85, 85, 85, 85, 85, 85, 78, 78, 78, 78, 78, 78, 78, 78, 78, 78, 78, 78, 78, 78, 78, 78, 78, 78, 78, 78, 78, 78, 78, 78, 78, 78, 78, 78, 78, 78, 78, 78, 78, 78, 78, 78, 78, 78, 78, 78, 78, 78, }; 
{84, 84, 84, 84, 84, 84, 84, 84, 84, 84, 84, 84, 84, 84, 84, 84, 84, 84, 84, 84, 84, 84, 84, 84, 84, 84, 84, 84, 84, 84, 84, 84, 84, 84, 84, 84, 84, 84, 84, 84, 84, 84, 84, 84, 84, 84, 84, 84, 84, 84, 84, 84, 86, 84, 84, 84, 84, 84, 86, 84, 84, 84, 84, 84, 84, 86, 86, 86, 86, 86, 86, 86, 86, 84, 84, 84, 84, 84, 86, 84, 84, 84, 84, 84, 0, 86, 86, 86, 86, 86, 86, 86, 86, 84, 84, 84, 84, 84, 84, 84, 84, 84, 84, 84, 84, 84, 84, 84, 84, 84, 84, 84, 84, 84, 84, 84, 84, 84, 84, 84, 84, 84, 84, 84, 84, 84, 84, 84, 84, 84, 84, 84, 84, 84, 84, }; 
{85, 85, 85, 85, 85, 85, 85, 85, 85, 85, 85, 85, 85, 85, 85, 85, 85, 85, 85, 85, 85, 85, 85, 85, 85, 85, 85, 85, 85, 85, 85, 85, 85, 85, 85, 85, 85, 85, 85, 85, 85, 85, 85, 85, 85, 85, 85, 85, 85, 85, 85, 87, 87, 85, 85, 85, 85, 85, 87, 85, 85, 85, 85, 85, 85, 87, 87, 87, 87, 87, 87, 87, 87, 85, 85, 85, 85, 85, 87, 85, 85, 85, 85, 85, 85, 0, 87, 87, 87, 87, 87, 87, 87, 85, 85, 85, 85, 85, 85, 85, 85, 85, 85, 85, 85, 85, 85, 85, 85, 85, 85, 85, 85, 85, 85, 85, 85, 85, 85, 85, 85, 85, 85, 85, 85, 85, 85, 85, 85, 85, 85, 85, 85, 85, 85, }; 
{86, 86, 86, 86, 86, 86, 86, 86, 86, 86, 86, 86, 86, 86, 86, 86, 86, 86, 86, 86, 86, 86, 86, 86, 86, 86, 86, 86, 86, 86, 86, 86, 86, 86, 86, 86, 86, 86, 86, 86, 86, 86, 86, 86, 86, 86, 86, 86, 86, 86, 88, 88, 88, 86, 86, 86, 86, 86, 88, 86, 86, 86, 86, 86, 86, 88, 88, 88, 88, 88, 88, 88, 88, 86, 86, 86, 86, 86, 88, 86, 86, 86, 86, 86, 86, 86, 0, 88, 88, 88, 88, 88, 88, 86, 86, 86, 86, 86, 86, 86, 86, 86, 86, 86, 86, 86, 86, 86, 86, 86, 86, 86, 86, 86, 86, 86, 86, 86, 86, 86, 86, 86, 86, 86, 86, 86, 86, 86, 86, 86, 86, 86, 86, 86, 86, }; 
{87, 87, 87, 87, 87, 87, 87, 87, 87, 87, 87, 87, 87, 87, 87, 87, 87, 87, 87, 87, 87, 87, 87, 87, 87, 87, 87, 87, 87, 87, 87, 87, 87, 87, 87, 87, 87, 87, 87, 87, 87, 87, 87, 87, 87, 87, 87, 87, 87, 89, 89, 89, 89, 87, 87, 87, 87, 87, 89, 87, 87, 87, 87, 87, 87, 89, 89, 89, 89, 89, 89, 89, 89, 87, 87, 87, 87, 87, 89, 87, 87, 87, 87, 87, 87, 87, 87, 0, 89, 89, 89, 89, 89, 87, 87, 87, 87, 87, 87, 87, 87, 87, 87, 87, 87, 87, 87, 87, 87, 87, 87, 87, 87, 87, 87, 87, 87, 87, 87, 87, 87, 87, 87, 87, 87, 87, 87, 87, 87, 87, 87, 87, 87, 87, 87, }; 
{88, 88, 88, 88, 88, 88, 88, 88, 88, 88, 88, 88, 88, 88, 88, 88, 88, 88, 88, 88, 88, 88, 88, 88, 88, 88, 88, 88, 88, 88, 88, 88, 88, 88, 88, 88, 88, 88, 88, 88, 88, 88, 88, 88, 88, 88, 88, 88, 90, 90, 90, 90, 90, 88, 88, 88, 88, 88, 90, 88, 88, 88, 88, 88, 88, 90, 90, 90, 90, 90, 90, 90, 90, 88, 88, 88, 88, 88, 90, 88, 88, 88, 88, 88, 88, 88, 88, 88, 0, 90, 90, 90, 90, 88, 88, 88, 88, 88, 88, 88, 88, 88, 88, 88, 88, 88, 88, 88, 88, 88, 88, 88, 88, 88, 88, 88, 88, 88, 88, 88, 88, 88, 88, 88, 88, 88, 88, 88, 88, 88, 88, 88, 88, 88, 88, }; 
{89, 89, 89, 89, 89, 89, 89, 89, 89, 89, 89, 89, 89, 89, 89, 89, 89, 89, 89, 89, 89, 89, 89, 89, 89, 89, 89, 89, 89, 89, 89, 89, 89, 89, 89, 89, 89, 89, 89, 89, 89, 89, 89, 89, 89, 89, 89, 91, 91, 91, 91, 91, 91, 89, 89, 89, 89, 89, 91, 89, 89, 89, 89, 89, 89, 91, 91, 91, 91, 91, 91, 91, 91, 89, 89, 89, 89, 89, 91, 89, 89, 89, 89, 89, 89, 89, 89, 89, 89, 0, 91, 91, 91, 89, 89, 89, 89, 89, 89, 89, 89, 89, 89, 89, 89, 89, 89, 89, 89, 89, 89, 89, 89, 89, 89, 89, 89, 89, 89, 89, 89, 89, 89, 89, 89, 89, 89, 89, 89, 89, 89, 89, 89, 89, 89, }; 
{90, 90, 90, 90, 90, 90, 90, 90, 90, 90, 90, 90, 90, 90, 90, 90, 90, 90, 90, 90, 90, 90, 90, 90, 90, 90, 90, 90, 90, 90, 90, 90, 90, 90, 90, 90, 90, 90, 90, 90, 90, 90, 90, 90, 90, 90, 92, 92, 92, 92, 92, 92, 92, 90, 90, 90, 90, 90, 92, 90, 90, 90, 90, 90, 90, 92, 92, 92, 92, 92, 92, 92, 92, 90, 90, 90, 90, 90, 92, 90, 90, 90, 90, 90, 90, 90, 90, 90, 90, 90, 0, 92, 92, 90, 90, 90, 90, 90, 90, 90, 90, 90, 90, 90, 90, 90, 90, 90, 90, 90, 90, 90, 90, 90, 90, 90, 90, 90, 90, 90, 90, 90, 90, 90, 90, 90, 90, 90, 90, 90, 90, 90, 90, 90, 90, }; 
{91, 91, 91, 91, 91, 91, 91, 91, 91, 91, 91, 91, 91, 91, 91, 91, 91, 91, 91, 91, 91, 91, 91, 91, 91, 91, 91, 91, 91, 91, 91, 91, 91, 91, 91, 91, 91, 91, 91, 91, 91, 91, 91, 91, 91, 93, 93, 93, 93, 93, 93, 93, 93, 91, 91, 91, 91, 91, 93, 91, 91, 91, 91, 91, 91, 93, 93, 93, 93, 93, 93, 93, 93, 91, 91, 91, 91, 91, 93, 91, 91, 91, 91, 91, 91, 91, 91, 91, 91, 91, 91, 0, 93, 91, 91, 91, 91, 91, 91, 91, 91, 91, 91, 91, 91, 91, 91, 91, 91, 91, 91, 91, 91, 91, 91, 91, 91, 91, 91, 91, 91, 91, 91, 91, 91, 91, 91, 91, 91, 91, 91, 91, 91, 91, 91, }; 
{92, 92, 92, 92, 92, 92, 92, 92, 92, 92, 92, 92, 92, 92, 92, 92, 92, 92, 92, 92, 92, 92, 92, 92, 92, 92, 92, 92, 92, 92, 92, 92, 92, 92, 92, 92, 92, 92, 92, 92, 92, 92, 92, 79, 79, 79, 79, 79, 79, 79, 79, 79, 79, 92, 92, 92, 92, 92, 79, 92, 92, 92, 92, 92, 92, 79, 79, 79, 79, 79, 79, 79, 79, 92, 92, 92, 92, 92, 79, 92, 92, 92, 92, 92, 92, 92, 92, 92, 92, 92, 92, 92, 0, 92, 92, 92, 92, 92, 92, 92, 92, 92, 92, 92, 92, 92, 92, 92, 92, 92, 92, 92, 92, 92, 92, 92, 92, 92, 92, 92, 92, 92, 92, 92, 92, 92, 92, 92, 92, 92, 92, 92, 92, 92, 92, }; 
{80, 80, 80, 80, 80, 80, 80, 80, 80, 80, 80, 80, 80, 80, 80, 80, 80, 80, 80, 80, 80, 80, 80, 80, 80, 80, 80, 80, 80, 80, 80, 80, 80, 80, 80, 80, 80, 80, 80, 80, 80, 80, 80, 98, 98, 98, 98, 98, 98, 98, 98, 98, 98, 80, 80, 80, 98, 98, 98, 80, 80, 80, 98, 98, 98, 98, 98, 98, 98, 98, 98, 98, 98, 80, 80, 80, 98, 98, 98, 80, 80, 80, 98, 98, 98, 98, 98, 98, 98, 98, 98, 98, 98, 0, 80, 80, 98, 98, 80, 80, 98, 98, 98, 98, 98, 98, 98, 98, 98, 98, 98, 98, 98, 98, 80, 80, 80, 80, 80, 80, 80, 80, 80, 80, 80, 80, 80, 80, 80, 80, 80, 80, 80, 80, 80, }; 
{81, 81, 81, 81, 81, 81, 81, 81, 81, 81, 81, 81, 81, 81, 81, 81, 81, 81, 81, 81, 81, 81, 81, 81, 81, 81, 81, 81, 81, 81, 81, 81, 81, 81, 81, 81, 81, 81, 81, 81, 81, 81, 81, 81, 81, 81, 81, 81, 81, 81, 81, 81, 81, 81, 81, 99, 81, 81, 81, 81, 81, 99, 81, 81, 81, 81, 81, 81, 81, 81, 81, 81, 81, 81, 81, 99, 81, 81, 81, 81, 81, 99, 81, 81, 81, 81, 81, 81, 81, 81, 81, 81, 81, 81, 0, 99, 81, 81, 99, 99, 81, 81, 81, 81, 81, 81, 81, 81, 81, 81, 81, 81, 81, 81, 99, 99, 99, 99, 99, 99, 99, 99, 99, 99, 99, 99, 99, 99, 99, 99, 99, 99, 99, 99, 99, }; 
{82, 82, 82, 82, 82, 82, 82, 82, 82, 82, 82, 82, 82, 82, 82, 82, 82, 82, 82, 82, 82, 82, 82, 82, 82, 82, 82, 82, 82, 82, 82, 82, 82, 82, 82, 82, 82, 82, 82, 82, 82, 82, 82, 82, 82, 82, 82, 82, 82, 82, 82, 82, 82, 82, 100, 82, 82, 82, 82, 82, 100, 82, 82, 82, 82, 82, 82, 82, 82, 82, 82, 82, 82, 82, 100, 82, 82, 82, 82, 82, 100, 82, 82, 82, 82, 82, 82, 82, 82, 82, 82, 82, 82, 82, 100, 0, 82, 82, 100, 100, 82, 82, 82, 82, 82, 82, 82, 82, 82, 82, 82, 82, 82, 82, 100, 100, 100, 100, 100, 100, 100, 100, 100, 100, 100, 100, 100, 100, 100, 100, 100, 100, 100, 100, 100, }; 
{83, 83, 83, 83, 83, 83, 83, 83, 83, 83, 83, 83, 83, 83, 83, 83, 83, 83, 83, 83, 83, 83, 83, 83, 83, 83, 83, 83, 83, 83, 83, 83, 83, 83, 83, 83, 83, 83, 83, 83, 83, 83, 83, 83, 83, 83, 83, 83, 83, 83, 83, 83, 83, 101, 83, 83, 83, 83, 83, 101, 83, 83, 83, 83, 83, 83, 83, 83, 83, 83, 83, 83, 83, 101, 83, 83, 83, 83, 83, 101, 83, 83, 83, 83, 83, 83, 83, 83, 83, 83, 83, 83, 83, 101, 83, 83, 0, 101, 83, 83, 101, 101, 101, 101, 101, 101, 101, 101, 101, 101, 101, 101, 101, 101, 83, 83, 83, 83, 83, 83, 83, 83, 83, 83, 83, 83, 83, 83, 83, 83, 83, 83, 83, 83, 83, }; 
{94, 94, 94, 94, 94, 94, 94, 94, 94, 94, 94, 94, 94, 94, 94, 94, 94, 94, 94, 94, 94, 94, 94, 94, 94, 94, 94, 94, 94, 94, 94, 94, 94, 94, 94, 94, 94, 94, 94, 94, 94, 94, 114, 114, 114, 114, 114, 114, 114, 114, 114, 114, 114, 94, 94, 94, 114, 114, 114, 94, 94, 94, 114, 114, 114, 114, 114, 114, 114, 114, 114, 114, 114, 94, 94, 94, 114, 114, 114, 94, 94, 94, 114, 114, 114, 114, 114, 114, 114, 114, 114, 114, 114, 94, 94, 94, 114, 0, 94, 94, 114, 114, 114, 114, 114, 114, 114, 114, 114, 114, 114, 114, 114, 114, 94, 94, 94, 94, 94, 94, 94, 94, 94, 94, 94, 94, 94, 94, 94, 94, 94, 94, 94, 94, 94, }; 
{95, 95, 95, 95, 95, 95, 95, 95, 95, 95, 95, 95, 95, 95, 95, 95, 95, 95, 95, 95, 95, 95, 95, 95, 95, 95, 95, 95, 95, 95, 95, 95, 95, 95, 95, 95, 95, 95, 95, 95, 95, 115, 95, 95, 95, 95, 95, 95, 95, 95, 95, 95, 95, 95, 95, 115, 95, 95, 95, 95, 95, 115, 95, 95, 95, 95, 95, 95, 95, 95, 95, 95, 95, 95, 95, 115, 95, 95, 95, 95, 95, 115, 95, 95, 95, 95, 95, 95, 95, 95, 95, 95, 95, 95, 95, 115, 95, 95, 0, 115, 95, 95, 95, 95, 95, 95, 95, 95, 95, 95, 95, 95, 95, 95, 115, 115, 115, 115, 115, 115, 115, 115, 115, 115, 115, 115, 115, 115, 115, 115, 115, 115, 115, 115, 115, }; 
{96, 96, 96, 96, 96, 96, 96, 96, 96, 96, 96, 96, 96, 96, 96, 96, 96, 96, 96, 96, 96, 96, 96, 96, 96, 96, 96, 96, 96, 96, 96, 96, 96, 96, 96, 96, 96, 96, 96, 96, 116, 96, 96, 96, 96, 96, 96, 96, 96, 96, 96, 96, 96, 96, 116, 96, 96, 96, 96, 96, 116, 96, 96, 96, 96, 96, 96, 96, 96, 96, 96, 96, 96, 96, 116, 96, 96, 96, 96, 96, 116, 96, 96, 96, 96, 96, 96, 96, 96, 96, 96, 96, 96, 96, 116, 96, 96, 96, 116, 0, 96, 96, 96, 96, 96, 96, 96, 96, 96, 96, 96, 96, 96, 96, 116, 116, 116, 116, 116, 116, 116, 116, 116, 116, 116, 116, 116, 116, 116, 116, 116, 116, 116, 116, 116, }; 
{97, 97, 97, 97, 97, 97, 97, 97, 97, 97, 97, 97, 97, 97, 97, 97, 97, 97, 97, 97, 97, 97, 97, 97, 97, 97, 97, 97, 97, 97, 97, 97, 97, 97, 97, 97, 97, 97, 97, 102, 97, 97, 97, 97, 97, 97, 97, 97, 97, 97, 97, 97, 97, 102, 97, 97, 97, 97, 97, 102, 97, 97, 97, 97, 97, 97, 97, 97, 97, 97, 97, 97, 97, 102, 97, 97, 97, 97, 97, 102, 97, 97, 97, 97, 97, 97, 97, 97, 97, 97, 97, 97, 97, 102, 97, 97, 97, 102, 97, 97, 0, 102, 102, 102, 102, 102, 102, 102, 102, 102, 102, 102, 102, 102, 97, 97, 97, 97, 97, 97, 97, 97, 97, 97, 97, 97, 97, 97, 97, 97, 97, 97, 97, 97, 97, }; 
{101, 101, 101, 101, 101, 101, 101, 101, 101, 101, 101, 101, 101, 101, 101, 101, 101, 101, 101, 101, 101, 101, 101, 101, 101, 101, 101, 101, 101, 101, 101, 101, 101, 101, 101, 103, 101, 101, 101, 103, 101, 101, 101, 101, 101, 101, 101, 101, 101, 101, 101, 101, 101, 103, 101, 101, 101, 101, 101, 103, 101, 101, 101, 101, 101, 101, 101, 101, 101, 101, 101, 101, 101, 103, 101, 101, 101, 101, 101, 103, 101, 101, 101, 101, 101, 101, 101, 101, 101, 101, 101, 101, 101, 103, 101, 101, 101, 103, 101, 101, 101, 0, 103, 103, 103, 103, 103, 103, 103, 103, 103, 103, 103, 103, 101, 101, 101, 101, 101, 101, 101, 101, 101, 101, 101, 101, 101, 101, 101, 101, 101, 101, 101, 101, 101, }; 
{102, 102, 102, 102, 102, 102, 102, 102, 102, 102, 102, 102, 102, 102, 102, 102, 102, 102, 102, 102, 102, 102, 102, 102, 102, 102, 102, 102, 102, 102, 102, 102, 102, 102, 104, 104, 102, 102, 102, 104, 102, 102, 102, 102, 102, 102, 102, 102, 102, 102, 102, 102, 102, 104, 102, 102, 102, 102, 102, 104, 102, 102, 102, 102, 102, 102, 102, 102, 102, 102, 102, 102, 102, 104, 102, 102, 102, 102, 102, 104, 102, 102, 102, 102, 102, 102, 102, 102, 102, 102, 102, 102, 102, 104, 102, 102, 102, 104, 102, 102, 102, 102, 0, 104, 104, 104, 104, 104, 104, 104, 104, 104, 104, 104, 102, 102, 102, 102, 102, 102, 102, 102, 102, 102, 102, 102, 102, 102, 102, 102, 102, 102, 102, 102, 102, }; 
{103, 103, 103, 103, 103, 103, 103, 103, 103, 103, 103, 103, 103, 103, 103, 103, 103, 103, 103, 103, 103, 103, 103, 103, 103, 103, 103, 103, 103, 103, 103, 103, 103, 105, 105, 105, 103, 103, 103, 105, 103, 103, 103, 103, 103, 103, 103, 103, 103, 103, 103, 103, 103, 105, 103, 103, 103, 103, 103, 105, 103, 103, 103, 103, 103, 103, 103, 103, 103, 103, 103, 103, 103, 105, 103, 103, 103, 103, 103, 105, 103, 103, 103, 103, 103, 103, 103, 103, 103, 103, 103, 103, 103, 105, 103, 103, 103, 105, 103, 103, 103, 103, 103, 0, 105, 105, 105, 105, 105, 105, 105, 105, 105, 105, 103, 103, 103, 103, 103, 103, 103, 103, 103, 103, 103, 103, 103, 103, 103, 103, 103, 103, 103, 103, 103, }; 
{104, 104, 104, 104, 104, 104, 104, 104, 104, 104, 104, 104, 104, 104, 104, 104, 104, 104, 104, 104, 104, 104, 104, 104, 104, 104, 104, 104, 104, 104, 104, 104, 106, 106, 106, 106, 104, 104, 104, 106, 104, 104, 104, 104, 104, 104, 104, 104, 104, 104, 104, 104, 104, 106, 104, 104, 104, 104, 104, 106, 104, 104, 104, 104, 104, 104, 104, 104, 104, 104, 104, 104, 104, 106, 104, 104, 104, 104, 104, 106, 104, 104, 104, 104, 104, 104, 104, 104, 104, 104, 104, 104, 104, 106, 104, 104, 104, 106, 104, 104, 104, 104, 104, 104, 0, 106, 106, 106, 106, 106, 106, 106, 106, 106, 104, 104, 104, 104, 104, 104, 104, 104, 104, 104, 104, 104, 104, 104, 104, 104, 104, 104, 104, 104, 104, }; 
{105, 105, 105, 105, 105, 105, 105, 105, 105, 105, 105, 105, 105, 105, 105, 105, 105, 105, 105, 105, 105, 105, 105, 105, 105, 105, 105, 105, 105, 105, 105, 107, 107, 107, 107, 107, 105, 105, 105, 107, 105, 105, 105, 105, 105, 105, 105, 105, 105, 105, 105, 105, 105, 107, 105, 105, 105, 105, 105, 107, 105, 105, 105, 105, 105, 105, 105, 105, 105, 105, 105, 105, 105, 107, 105, 105, 105, 105, 105, 107, 105, 105, 105, 105, 105, 105, 105, 105, 105, 105, 105, 105, 105, 107, 105, 105, 105, 107, 105, 105, 105, 105, 105, 105, 105, 0, 107, 107, 107, 107, 107, 107, 107, 107, 105, 105, 105, 105, 105, 105, 105, 105, 105, 105, 105, 105, 105, 105, 105, 105, 105, 105, 105, 105, 105, }; 
{106, 106, 106, 106, 106, 106, 106, 106, 106, 106, 106, 106, 106, 106, 106, 106, 106, 106, 106, 106, 106, 106, 106, 106, 106, 106, 106, 106, 106, 106, 108, 108, 108, 108, 108, 108, 106, 106, 106, 108, 106, 106, 106, 106, 106, 106, 106, 106, 106, 106, 106, 106, 106, 108, 106, 106, 106, 106, 106, 108, 106, 106, 106, 106, 106, 106, 106, 106, 106, 106, 106, 106, 106, 108, 106, 106, 106, 106, 106, 108, 106, 106, 106, 106, 106, 106, 106, 106, 106, 106, 106, 106, 106, 108, 106, 106, 106, 108, 106, 106, 106, 106, 106, 106, 106, 106, 0, 108, 108, 108, 108, 108, 108, 108, 106, 106, 106, 106, 106, 106, 106, 106, 106, 106, 106, 106, 106, 106, 106, 106, 106, 106, 106, 106, 106, }; 
{107, 107, 107, 107, 107, 107, 107, 107, 107, 107, 107, 107, 107, 107, 107, 107, 107, 107, 107, 107, 107, 107, 107, 107, 107, 107, 107, 107, 107, 109, 109, 109, 109, 109, 109, 109, 107, 107, 107, 109, 107, 107, 107, 107, 107, 107, 107, 107, 107, 107, 107, 107, 107, 109, 107, 107, 107, 107, 107, 109, 107, 107, 107, 107, 107, 107, 107, 107, 107, 107, 107, 107, 107, 109, 107, 107, 107, 107, 107, 109, 107, 107, 107, 107, 107, 107, 107, 107, 107, 107, 107, 107, 107, 109, 107, 107, 107, 109, 107, 107, 107, 107, 107, 107, 107, 107, 107, 0, 109, 109, 109, 109, 109, 109, 107, 107, 107, 107, 107, 107, 107, 107, 107, 107, 107, 107, 107, 107, 107, 107, 107, 107, 107, 107, 107, }; 
{110, 110, 110, 110, 110, 110, 110, 110, 110, 110, 110, 110, 110, 110, 110, 110, 110, 110, 110, 110, 110, 110, 108, 108, 108, 108, 108, 108, 110, 110, 110, 110, 110, 110, 110, 110, 110, 110, 108, 110, 110, 110, 108, 108, 108, 108, 108, 108, 108, 108, 108, 108, 108, 110, 110, 110, 108, 108, 108, 110, 110, 110, 108, 108, 108, 108, 108, 108, 108, 108, 108, 108, 108, 110, 110, 110, 108, 108, 108, 110, 110, 110, 108, 108, 108, 108, 108, 108, 108, 108, 108, 108, 108, 110, 110, 110, 108, 110, 110, 110, 108, 108, 108, 108, 108, 108, 108, 108, 0, 110, 110, 110, 110, 110, 110, 110, 110, 110, 110, 110, 110, 110, 110, 110, 110, 110, 110, 110, 110, 110, 110, 110, 110, 110, 110, }; 
{111, 111, 111, 111, 111, 111, 111, 111, 111, 111, 111, 111, 111, 111, 111, 111, 111, 111, 111, 111, 111, 111, 109, 109, 109, 109, 109, 111, 111, 111, 111, 111, 111, 111, 111, 111, 111, 111, 109, 111, 111, 111, 109, 109, 109, 109, 109, 109, 109, 109, 109, 109, 109, 111, 111, 111, 109, 109, 109, 111, 111, 111, 109, 109, 109, 109, 109, 109, 109, 109, 109, 109, 109, 111, 111, 111, 109, 109, 109, 111, 111, 111, 109, 109, 109, 109, 109, 109, 109, 109, 109, 109, 109, 111, 111, 111, 109, 111, 111, 111, 109, 109, 109, 109, 109, 109, 109, 109, 109, 0, 111, 111, 111, 111, 111, 111, 111, 111, 111, 111, 111, 111, 111, 111, 111, 111, 111, 111, 111, 111, 111, 111, 111, 111, 111, }; 
{112, 112, 112, 112, 112, 112, 112, 112, 112, 112, 112, 112, 112, 112, 112, 112, 112, 112, 112, 112, 112, 112, 110, 110, 110, 110, 112, 112, 112, 112, 112, 112, 112, 112, 112, 112, 112, 112, 110, 112, 112, 112, 110, 110, 110, 110, 110, 110, 110, 110, 110, 110, 110, 112, 112, 112, 110, 110, 110, 112, 112, 112, 110, 110, 110, 110, 110, 110, 110, 110, 110, 110, 110, 112, 112, 112, 110, 110, 110, 112, 112, 112, 110, 110, 110, 110, 110, 110, 110, 110, 110, 110, 110, 112, 112, 112, 110, 112, 112, 112, 110, 110, 110, 110, 110, 110, 110, 110, 110, 110, 0, 112, 112, 112, 112, 112, 112, 112, 112, 112, 112, 112, 112, 112, 112, 112, 112, 112, 112, 112, 112, 112, 112, 112, 112, }; 
{113, 113, 113, 113, 113, 113, 113, 113, 113, 113, 113, 113, 113, 113, 113, 113, 113, 113, 113, 113, 113, 113, 111, 111, 111, 113, 113, 113, 113, 113, 113, 113, 113, 113, 113, 113, 113, 113, 111, 113, 113, 113, 111, 111, 111, 111, 111, 111, 111, 111, 111, 111, 111, 113, 113, 113, 111, 111, 111, 113, 113, 113, 111, 111, 111, 111, 111, 111, 111, 111, 111, 111, 111, 113, 113, 113, 111, 111, 111, 113, 113, 113, 111, 111, 111, 111, 111, 111, 111, 111, 111, 111, 111, 113, 113, 113, 111, 113, 113, 113, 111, 111, 111, 111, 111, 111, 111, 111, 111, 111, 111, 0, 113, 113, 113, 113, 113, 113, 113, 113, 113, 113, 113, 113, 113, 113, 113, 113, 113, 113, 113, 113, 113, 113, 113, }; 
{114, 114, 114, 114, 114, 114, 114, 114, 114, 114, 114, 114, 114, 114, 114, 114, 114, 114, 114, 114, 114, 114, 112, 112, 114, 114, 114, 114, 114, 114, 114, 114, 114, 114, 114, 114, 114, 114, 112, 114, 114, 114, 112, 112, 112, 112, 112, 112, 112, 112, 112, 112, 112, 114, 114, 114, 112, 112, 112, 114, 114, 114, 112, 112, 112, 112, 112, 112, 112, 112, 112, 112, 112, 114, 114, 114, 112, 112, 112, 114, 114, 114, 112, 112, 112, 112, 112, 112, 112, 112, 112, 112, 112, 114, 114, 114, 112, 114, 114, 114, 112, 112, 112, 112, 112, 112, 112, 112, 112, 112, 112, 112, 0, 114, 114, 114, 114, 114, 114, 114, 114, 114, 114, 114, 114, 114, 114, 114, 114, 114, 114, 114, 114, 114, 114, }; 
{98, 98, 98, 98, 98, 98, 98, 98, 98, 98, 98, 98, 98, 98, 98, 98, 98, 98, 98, 98, 98, 98, 98, 98, 98, 98, 98, 98, 98, 98, 98, 98, 98, 98, 98, 98, 98, 98, 113, 98, 98, 98, 113, 113, 113, 113, 113, 113, 113, 113, 113, 113, 113, 98, 98, 98, 113, 113, 113, 98, 98, 98, 113, 113, 113, 113, 113, 113, 113, 113, 113, 113, 113, 98, 98, 98, 113, 113, 113, 98, 98, 98, 113, 113, 113, 113, 113, 113, 113, 113, 113, 113, 113, 98, 98, 98, 113, 98, 98, 98, 113, 113, 113, 113, 113, 113, 113, 113, 113, 113, 113, 113, 113, 0, 98, 98, 98, 98, 98, 98, 98, 98, 98, 98, 98, 98, 98, 98, 98, 98, 98, 98, 98, 98, 98, }; 
{99, 99, 99, 99, 99, 99, 99, 99, 99, 99, 99, 99, 99, 99, 99, 99, 99, 99, 99, 99, 99, 99, 99, 99, 99, 99, 99, 99, 99, 99, 99, 99, 99, 99, 99, 99, 99, 117, 99, 99, 99, 117, 99, 99, 99, 99, 99, 99, 99, 99, 99, 99, 99, 99, 99, 117, 99, 99, 99, 99, 99, 117, 99, 99, 99, 99, 99, 99, 99, 99, 99, 99, 99, 99, 99, 117, 99, 99, 99, 99, 99, 117, 99, 99, 99, 99, 99, 99, 99, 99, 99, 99, 99, 99, 99, 117, 99, 99, 99, 117, 99, 99, 99, 99, 99, 99, 99, 99, 99, 99, 99, 99, 99, 99, 0, 117, 117, 117, 117, 117, 117, 117, 117, 117, 117, 117, 117, 117, 117, 117, 117, 117, 117, 117, 117, }; 
{100, 100, 100, 100, 100, 100, 100, 100, 100, 100, 100, 100, 100, 100, 100, 100, 100, 100, 100, 100, 100, 100, 100, 100, 100, 100, 100, 100, 100, 100, 100, 100, 100, 100, 100, 100, 118, 100, 100, 100, 118, 100, 100, 100, 100, 100, 100, 100, 100, 100, 100, 100, 100, 100, 118, 100, 100, 100, 100, 100, 118, 100, 100, 100, 100, 100, 100, 100, 100, 100, 100, 100, 100, 100, 118, 100, 100, 100, 100, 100, 118, 100, 100, 100, 100, 100, 100, 100, 100, 100, 100, 100, 100, 100, 118, 100, 100, 100, 118, 100, 100, 100, 100, 100, 100, 100, 100, 100, 100, 100, 100, 100, 100, 100, 118, 0, 118, 118, 118, 118, 118, 118, 118, 118, 118, 118, 118, 118, 118, 118, 118, 118, 118, 118, 118, }; 
{115, 115, 115, 115, 115, 115, 115, 115, 115, 115, 115, 115, 115, 115, 115, 115, 115, 115, 115, 115, 115, 135, 115, 115, 115, 115, 115, 115, 115, 115, 115, 115, 115, 115, 115, 115, 115, 135, 115, 115, 115, 135, 115, 115, 115, 115, 115, 115, 115, 115, 115, 115, 115, 115, 115, 135, 115, 115, 115, 115, 115, 135, 115, 115, 115, 115, 115, 115, 115, 115, 115, 115, 115, 115, 115, 135, 115, 115, 115, 115, 115, 135, 115, 115, 115, 115, 115, 115, 115, 115, 115, 115, 115, 115, 115, 135, 115, 115, 115, 135, 115, 115, 115, 115, 115, 115, 115, 115, 115, 115, 115, 115, 115, 115, 115, 135, 0, 135, 135, 135, 135, 135, 135, 135, 135, 135, 135, 135, 135, 135, 135, 135, 135, 135, 135, }; 
{116, 116, 116, 116, 116, 116, 116, 116, 116, 116, 116, 116, 116, 116, 116, 116, 116, 116, 116, 116, 119, 116, 116, 116, 116, 116, 116, 116, 116, 116, 116, 116, 116, 116, 116, 116, 119, 116, 116, 116, 119, 116, 116, 116, 116, 116, 116, 116, 116, 116, 116, 116, 116, 116, 119, 116, 116, 116, 116, 116, 119, 116, 116, 116, 116, 116, 116, 116, 116, 116, 116, 116, 116, 116, 119, 116, 116, 116, 116, 116, 119, 116, 116, 116, 116, 116, 116, 116, 116, 116, 116, 116, 116, 116, 119, 116, 116, 116, 119, 116, 116, 116, 116, 116, 116, 116, 116, 116, 116, 116, 116, 116, 116, 116, 119, 116, 119, 0, 119, 119, 119, 119, 119, 119, 119, 119, 119, 119, 119, 119, 119, 119, 119, 119, 119, }; 
{118, 118, 118, 118, 118, 118, 118, 118, 118, 118, 118, 118, 118, 118, 118, 118, 118, 120, 118, 118, 120, 118, 118, 118, 118, 118, 118, 118, 118, 118, 118, 118, 118, 118, 118, 118, 120, 118, 118, 118, 120, 118, 118, 118, 118, 118, 118, 118, 118, 118, 118, 118, 118, 118, 120, 118, 118, 118, 118, 118, 120, 118, 118, 118, 118, 118, 118, 118, 118, 118, 118, 118, 118, 118, 120, 118, 118, 118, 118, 118, 120, 118, 118, 118, 118, 118, 118, 118, 118, 118, 118, 118, 118, 118, 120, 118, 118, 118, 120, 118, 118, 118, 118, 118, 118, 118, 118, 118, 118, 118, 118, 118, 118, 118, 120, 118, 120, 118, 0, 120, 120, 120, 120, 120, 120, 120, 120, 120, 120, 120, 120, 120, 120, 120, 120, }; 
{119, 119, 119, 119, 119, 119, 119, 119, 119, 119, 119, 119, 119, 119, 119, 119, 121, 121, 119, 119, 121, 119, 119, 119, 119, 119, 119, 119, 119, 119, 119, 119, 119, 119, 119, 119, 121, 119, 119, 119, 121, 119, 119, 119, 119, 119, 119, 119, 119, 119, 119, 119, 119, 119, 121, 119, 119, 119, 119, 119, 121, 119, 119, 119, 119, 119, 119, 119, 119, 119, 119, 119, 119, 119, 121, 119, 119, 119, 119, 119, 121, 119, 119, 119, 119, 119, 119, 119, 119, 119, 119, 119, 119, 119, 121, 119, 119, 119, 121, 119, 119, 119, 119, 119, 119, 119, 119, 119, 119, 119, 119, 119, 119, 119, 121, 119, 121, 119, 119, 0, 121, 121, 121, 121, 121, 121, 121, 121, 121, 121, 121, 121, 121, 121, 121, }; 
{120, 120, 120, 120, 120, 120, 120, 120, 120, 120, 120, 120, 120, 120, 120, 122, 122, 122, 120, 120, 122, 120, 120, 120, 120, 120, 120, 120, 120, 120, 120, 120, 120, 120, 120, 120, 122, 120, 120, 120, 122, 120, 120, 120, 120, 120, 120, 120, 120, 120, 120, 120, 120, 120, 122, 120, 120, 120, 120, 120, 122, 120, 120, 120, 120, 120, 120, 120, 120, 120, 120, 120, 120, 120, 122, 120, 120, 120, 120, 120, 122, 120, 120, 120, 120, 120, 120, 120, 120, 120, 120, 120, 120, 120, 122, 120, 120, 120, 122, 120, 120, 120, 120, 120, 120, 120, 120, 120, 120, 120, 120, 120, 120, 120, 122, 120, 122, 120, 120, 120, 0, 122, 122, 122, 122, 122, 122, 122, 122, 122, 122, 122, 122, 122, 122, }; 
{121, 121, 121, 121, 121, 121, 121, 121, 121, 121, 121, 121, 121, 121, 123, 123, 123, 123, 121, 121, 123, 121, 121, 121, 121, 121, 121, 121, 121, 121, 121, 121, 121, 121, 121, 121, 123, 121, 121, 121, 123, 121, 121, 121, 121, 121, 121, 121, 121, 121, 121, 121, 121, 121, 123, 121, 121, 121, 121, 121, 123, 121, 121, 121, 121, 121, 121, 121, 121, 121, 121, 121, 121, 121, 123, 121, 121, 121, 121, 121, 123, 121, 121, 121, 121, 121, 121, 121, 121, 121, 121, 121, 121, 121, 123, 121, 121, 121, 123, 121, 121, 121, 121, 121, 121, 121, 121, 121, 121, 121, 121, 121, 121, 121, 123, 121, 123, 121, 121, 121, 121, 0, 123, 123, 123, 123, 123, 123, 123, 123, 123, 123, 123, 123, 123, }; 
{122, 122, 122, 122, 122, 122, 122, 122, 122, 122, 122, 122, 122, 124, 124, 124, 124, 124, 122, 122, 124, 122, 122, 122, 122, 122, 122, 122, 122, 122, 122, 122, 122, 122, 122, 122, 124, 122, 122, 122, 124, 122, 122, 122, 122, 122, 122, 122, 122, 122, 122, 122, 122, 122, 124, 122, 122, 122, 122, 122, 124, 122, 122, 122, 122, 122, 122, 122, 122, 122, 122, 122, 122, 122, 124, 122, 122, 122, 122, 122, 124, 122, 122, 122, 122, 122, 122, 122, 122, 122, 122, 122, 122, 122, 124, 122, 122, 122, 124, 122, 122, 122, 122, 122, 122, 122, 122, 122, 122, 122, 122, 122, 122, 122, 124, 122, 124, 122, 122, 122, 122, 122, 0, 124, 124, 124, 124, 124, 124, 124, 124, 124, 124, 124, 124, }; 
{123, 123, 123, 123, 123, 123, 123, 123, 123, 123, 123, 123, 125, 125, 125, 125, 125, 125, 123, 123, 125, 123, 123, 123, 123, 123, 123, 123, 123, 123, 123, 123, 123, 123, 123, 123, 125, 123, 123, 123, 125, 123, 123, 123, 123, 123, 123, 123, 123, 123, 123, 123, 123, 123, 125, 123, 123, 123, 123, 123, 125, 123, 123, 123, 123, 123, 123, 123, 123, 123, 123, 123, 123, 123, 125, 123, 123, 123, 123, 123, 125, 123, 123, 123, 123, 123, 123, 123, 123, 123, 123, 123, 123, 123, 125, 123, 123, 123, 125, 123, 123, 123, 123, 123, 123, 123, 123, 123, 123, 123, 123, 123, 123, 123, 125, 123, 125, 123, 123, 123, 123, 123, 123, 0, 125, 125, 125, 125, 125, 125, 125, 125, 125, 125, 125, }; 
{124, 124, 124, 124, 124, 124, 124, 124, 124, 124, 124, 126, 126, 126, 126, 126, 126, 126, 124, 124, 126, 124, 124, 124, 124, 124, 124, 124, 124, 124, 124, 124, 124, 124, 124, 124, 126, 124, 124, 124, 126, 124, 124, 124, 124, 124, 124, 124, 124, 124, 124, 124, 124, 124, 126, 124, 124, 124, 124, 124, 126, 124, 124, 124, 124, 124, 124, 124, 124, 124, 124, 124, 124, 124, 126, 124, 124, 124, 124, 124, 126, 124, 124, 124, 124, 124, 124, 124, 124, 124, 124, 124, 124, 124, 126, 124, 124, 124, 126, 124, 124, 124, 124, 124, 124, 124, 124, 124, 124, 124, 124, 124, 124, 124, 126, 124, 126, 124, 124, 124, 124, 124, 124, 124, 0, 126, 126, 126, 126, 126, 126, 126, 126, 126, 126, }; 
{125, 125, 125, 125, 125, 125, 125, 125, 125, 125, 127, 127, 127, 127, 127, 127, 127, 127, 125, 125, 127, 125, 125, 125, 125, 125, 125, 125, 125, 125, 125, 125, 125, 125, 125, 125, 127, 125, 125, 125, 127, 125, 125, 125, 125, 125, 125, 125, 125, 125, 125, 125, 125, 125, 127, 125, 125, 125, 125, 125, 127, 125, 125, 125, 125, 125, 125, 125, 125, 125, 125, 125, 125, 125, 127, 125, 125, 125, 125, 125, 127, 125, 125, 125, 125, 125, 125, 125, 125, 125, 125, 125, 125, 125, 127, 125, 125, 125, 127, 125, 125, 125, 125, 125, 125, 125, 125, 125, 125, 125, 125, 125, 125, 125, 127, 125, 127, 125, 125, 125, 125, 125, 125, 125, 125, 0, 127, 127, 127, 127, 127, 127, 127, 127, 127, }; 
{126, 126, 126, 126, 126, 126, 126, 126, 126, 128, 128, 128, 128, 128, 128, 128, 128, 128, 126, 126, 128, 126, 126, 126, 126, 126, 126, 126, 126, 126, 126, 126, 126, 126, 126, 126, 128, 126, 126, 126, 128, 126, 126, 126, 126, 126, 126, 126, 126, 126, 126, 126, 126, 126, 128, 126, 126, 126, 126, 126, 128, 126, 126, 126, 126, 126, 126, 126, 126, 126, 126, 126, 126, 126, 128, 126, 126, 126, 126, 126, 128, 126, 126, 126, 126, 126, 126, 126, 126, 126, 126, 126, 126, 126, 128, 126, 126, 126, 128, 126, 126, 126, 126, 126, 126, 126, 126, 126, 126, 126, 126, 126, 126, 126, 128, 126, 128, 126, 126, 126, 126, 126, 126, 126, 126, 126, 0, 128, 128, 128, 128, 128, 128, 128, 128, }; 
{127, 127, 127, 127, 127, 127, 127, 127, 129, 129, 129, 129, 129, 129, 129, 129, 129, 129, 127, 129, 129, 127, 129, 129, 129, 129, 129, 129, 129, 129, 129, 129, 129, 129, 129, 129, 129, 127, 129, 129, 129, 127, 129, 129, 129, 129, 129, 129, 129, 129, 129, 129, 129, 129, 129, 127, 129, 129, 129, 129, 129, 127, 129, 129, 129, 129, 129, 129, 129, 129, 129, 129, 129, 129, 129, 127, 129, 129, 129, 129, 129, 127, 129, 129, 129, 129, 129, 129, 129, 129, 129, 129, 129, 129, 129, 127, 129, 129, 129, 127, 129, 129, 129, 129, 129, 129, 129, 129, 129, 129, 129, 129, 129, 129, 129, 127, 129, 127, 127, 127, 127, 127, 127, 127, 127, 127, 127, 0, 129, 129, 129, 129, 129, 129, 129, }; 
{128, 128, 128, 128, 128, 128, 128, 130, 130, 130, 130, 130, 130, 130, 130, 130, 130, 130, 128, 130, 130, 128, 130, 130, 130, 130, 130, 130, 130, 130, 130, 130, 130, 130, 130, 130, 130, 128, 130, 130, 130, 128, 130, 130, 130, 130, 130, 130, 130, 130, 130, 130, 130, 130, 130, 128, 130, 130, 130, 130, 130, 128, 130, 130, 130, 130, 130, 130, 130, 130, 130, 130, 130, 130, 130, 128, 130, 130, 130, 130, 130, 128, 130, 130, 130, 130, 130, 130, 130, 130, 130, 130, 130, 130, 130, 128, 130, 130, 130, 128, 130, 130, 130, 130, 130, 130, 130, 130, 130, 130, 130, 130, 130, 130, 130, 128, 130, 128, 128, 128, 128, 128, 128, 128, 128, 128, 128, 128, 0, 130, 130, 130, 130, 130, 130, }; 
{129, 129, 129, 129, 129, 129, 131, 131, 131, 131, 131, 131, 131, 131, 131, 131, 131, 131, 129, 131, 131, 129, 131, 131, 131, 131, 131, 131, 131, 131, 131, 131, 131, 131, 131, 131, 131, 129, 131, 131, 131, 129, 131, 131, 131, 131, 131, 131, 131, 131, 131, 131, 131, 131, 131, 129, 131, 131, 131, 131, 131, 129, 131, 131, 131, 131, 131, 131, 131, 131, 131, 131, 131, 131, 131, 129, 131, 131, 131, 131, 131, 129, 131, 131, 131, 131, 131, 131, 131, 131, 131, 131, 131, 131, 131, 129, 131, 131, 131, 129, 131, 131, 131, 131, 131, 131, 131, 131, 131, 131, 131, 131, 131, 131, 131, 129, 131, 129, 129, 129, 129, 129, 129, 129, 129, 129, 129, 129, 129, 0, 131, 131, 131, 131, 131, }; 
{130, 130, 130, 130, 130, 132, 132, 132, 132, 132, 132, 132, 132, 132, 132, 132, 132, 132, 130, 132, 132, 130, 132, 132, 132, 132, 132, 132, 132, 132, 132, 132, 132, 132, 132, 132, 132, 130, 132, 132, 132, 130, 132, 132, 132, 132, 132, 132, 132, 132, 132, 132, 132, 132, 132, 130, 132, 132, 132, 132, 132, 130, 132, 132, 132, 132, 132, 132, 132, 132, 132, 132, 132, 132, 132, 130, 132, 132, 132, 132, 132, 130, 132, 132, 132, 132, 132, 132, 132, 132, 132, 132, 132, 132, 132, 130, 132, 132, 132, 130, 132, 132, 132, 132, 132, 132, 132, 132, 132, 132, 132, 132, 132, 132, 132, 130, 132, 130, 130, 130, 130, 130, 130, 130, 130, 130, 130, 130, 130, 130, 0, 132, 132, 132, 132, }; 
{131, 131, 131, 131, 133, 133, 133, 133, 133, 133, 133, 133, 133, 133, 133, 133, 133, 133, 131, 133, 133, 131, 133, 133, 133, 133, 133, 133, 133, 133, 133, 133, 133, 133, 133, 133, 133, 131, 133, 133, 133, 131, 133, 133, 133, 133, 133, 133, 133, 133, 133, 133, 133, 133, 133, 131, 133, 133, 133, 133, 133, 131, 133, 133, 133, 133, 133, 133, 133, 133, 133, 133, 133, 133, 133, 131, 133, 133, 133, 133, 133, 131, 133, 133, 133, 133, 133, 133, 133, 133, 133, 133, 133, 133, 133, 131, 133, 133, 133, 131, 133, 133, 133, 133, 133, 133, 133, 133, 133, 133, 133, 133, 133, 133, 133, 131, 133, 131, 131, 131, 131, 131, 131, 131, 131, 131, 131, 131, 131, 131, 131, 0, 133, 133, 133, }; 
{132, 132, 132, 134, 134, 134, 134, 134, 134, 134, 134, 134, 134, 134, 134, 134, 134, 134, 132, 134, 134, 132, 134, 134, 134, 134, 134, 134, 134, 134, 134, 134, 134, 134, 134, 134, 134, 132, 134, 134, 134, 132, 134, 134, 134, 134, 134, 134, 134, 134, 134, 134, 134, 134, 134, 132, 134, 134, 134, 134, 134, 132, 134, 134, 134, 134, 134, 134, 134, 134, 134, 134, 134, 134, 134, 132, 134, 134, 134, 134, 134, 132, 134, 134, 134, 134, 134, 134, 134, 134, 134, 134, 134, 134, 134, 132, 134, 134, 134, 132, 134, 134, 134, 134, 134, 134, 134, 134, 134, 134, 134, 134, 134, 134, 134, 132, 134, 132, 132, 132, 132, 132, 132, 132, 132, 132, 132, 132, 132, 132, 132, 132, 0, 134, 134, }; 
{133, 133, 135, 135, 135, 135, 135, 135, 135, 135, 135, 135, 135, 135, 135, 135, 135, 135, 133, 135, 135, 133, 135, 135, 135, 135, 135, 135, 135, 135, 135, 135, 135, 135, 135, 135, 135, 133, 135, 135, 135, 133, 135, 135, 135, 135, 135, 135, 135, 135, 135, 135, 135, 135, 135, 133, 135, 135, 135, 135, 135, 133, 135, 135, 135, 135, 135, 135, 135, 135, 135, 135, 135, 135, 135, 133, 135, 135, 135, 135, 135, 133, 135, 135, 135, 135, 135, 135, 135, 135, 135, 135, 135, 135, 135, 133, 135, 135, 135, 133, 135, 135, 135, 135, 135, 135, 135, 135, 135, 135, 135, 135, 135, 135, 135, 133, 135, 133, 133, 133, 133, 133, 133, 133, 133, 133, 133, 133, 133, 133, 133, 133, 133, 0, 135, }; 
{117, 117, 117, 117, 117, 117, 117, 117, 117, 117, 117, 117, 117, 117, 117, 117, 117, 117, 134, 117, 117, 134, 117, 117, 117, 117, 117, 117, 117, 117, 117, 117, 117, 117, 117, 117, 117, 134, 117, 117, 117, 134, 117, 117, 117, 117, 117, 117, 117, 117, 117, 117, 117, 117, 117, 134, 117, 117, 117, 117, 117, 134, 117, 117, 117, 117, 117, 117, 117, 117, 117, 117, 117, 117, 117, 134, 117, 117, 117, 117, 117, 134, 117, 117, 117, 117, 117, 117, 117, 117, 117, 117, 117, 117, 117, 134, 117, 117, 117, 134, 117, 117, 117, 117, 117, 117, 117, 117, 117, 117, 117, 117, 117, 117, 117, 134, 117, 134, 134, 134, 134, 134, 134, 134, 134, 134, 134, 134, 134, 134, 134, 134, 134, 134, 0, }}
